66.9291  67.4703  67.5261  68.1259  68.2663  68.5566  68.8474  69.0979  69.3789  69.4516  69.6036  
66.9299  67.4712  67.527  68.1266  68.2669  68.5563  68.8477  69.0979  69.3779  69.4504  69.6034  
66.9293  67.4709  67.5267  68.127  68.2676  68.5584  68.8492  69.1002  69.3819  69.4549  69.606  
66.9268  67.4681  67.524  68.1238  68.2647  68.555  68.8452  69.0967  69.3772  69.4502  69.6012  
66.9271  67.4677  67.5231  68.1226  68.2622  68.5524  68.8433  69.0926  69.3732  69.4456  69.5987  
66.9279  67.4674  67.5223  68.1222  68.2607  68.554  68.8437  69.0915  69.3769  69.4493  69.6006  
66.9244  67.465  67.5202  68.1216  68.2613  68.5572  68.8455  69.0959  69.3843  69.4577  69.6046  
66.9191  67.4607  67.5161  68.1192  68.2598  68.5591  68.8458  69.0984  69.3906  69.465  69.6075  
66.9187  67.4603  67.5158  68.119  68.2597  68.5592  68.8458  69.0986  69.3911  69.4656  69.6077  
66.9047  67.4468  67.5024  68.1067  68.2479  68.5502  68.8353  69.0895  69.3855  69.4605  69.5994  
66.9047  67.4467  67.5024  68.1067  68.2479  68.5502  68.8353  69.0895  69.3856  69.4606  69.5994  
66.9032  67.4457  67.5014  68.1063  68.2479  68.5513  68.8358  69.0907  69.388  69.4633  69.6008  
66.8933  67.4369  67.4929  68.0993  68.2418  68.5473  68.831  69.0877  69.3871  69.463  69.5982  
66.8859  67.4293  67.4852  68.0914  68.2338  68.5394  68.8229  69.0795  69.379  69.4549  69.59  
66.8851  67.4287  67.4846  68.0911  68.2335  68.5391  68.8228  69.0795  69.3789  69.4547  69.5901  
66.8877  67.4325  67.4889  68.0953  68.2388  68.5417  68.8265  69.0846  69.3798  69.4556  69.5928  
66.8888  67.4336  67.4902  68.0964  68.2401  68.5426  68.8274  69.0858  69.3801  69.4558  69.5933  
66.8941  67.4387  67.4951  68.1009  68.2441  68.5458  68.8314  69.0888  69.3833  69.4589  69.597  
66.88  67.4255  67.4823  68.0896  68.234  68.5384  68.8222  69.0821  69.3783  69.4545  69.5897  
66.8749  67.4204  67.4772  68.0844  68.229  68.5334  68.817  69.0771  69.3734  69.4496  69.5845  
66.8747  67.4203  67.4771  68.0843  68.2289  68.5335  68.817  69.0772  69.3736  69.4498  69.5846  
66.8767  67.422  67.4787  68.0856  68.2299  68.5339  68.8177  69.0773  69.3736  69.4497  69.5849  
66.8784  67.4234  67.48  68.0863  68.2302  68.5331  68.8176  69.0763  69.3713  69.447  69.5839  
66.8836  67.4285  67.4851  68.0911  68.2348  68.5367  68.8219  69.0801  69.3738  69.4494  69.5876  
66.8945  67.4399  67.4964  68.1034  68.247  68.55  68.8353  69.0936  69.3884  69.4642  69.602  
66.8916  67.4378  67.4946  68.1025  68.2468  68.5508  68.8357  69.0952  69.3911  69.4672  69.6036  
66.8908  67.4372  67.494  68.1019  68.2462  68.55  68.8349  69.0945  69.3895  69.4655  69.6025  
66.8919  67.4375  67.494  68.1008  68.2446  68.5467  68.8322  69.0906  69.3838  69.4594  69.5983  
66.8919  67.4375  67.494  68.1008  68.2446  68.5467  68.8322  69.0906  69.3838  69.4594  69.5983  
66.8934  67.4384  67.4948  68.101  68.2443  68.5458  68.8316  69.0891  69.3818  69.4572  69.5969  
66.9038  67.4472  67.5031  68.1071  68.2489  68.5465  68.8344  69.0886  69.3779  69.4522  69.5965  
66.8846  67.4306  67.4874  68.0949  68.2394  68.5428  68.8272  69.087  69.3805  69.4563  69.5939  
66.8903  67.4358  67.4924  68.099  68.2429  68.5449  68.8303  69.0887  69.3815  69.457  69.5961  
66.8794  67.4237  67.48  68.0855  68.2286  68.5299  68.8153  69.0723  69.3648  69.4399  69.5799  
66.8926  67.4349  67.4911  68.0945  68.237  68.5374  68.8219  69.078  69.3701  69.4451  69.5841  
66.9022  67.4435  67.4993  68.1013  68.2426  68.5404  68.8266  69.0804  69.3707  69.4452  69.587  
66.9015  67.4429  67.4987  68.101  68.2424  68.5406  68.8266  69.0807  69.3714  69.446  69.5873  
66.8963  67.4376  67.4934  68.096  68.2374  68.537  68.8223  69.0765  69.3691  69.4439  69.5838  
66.8917  67.434  67.49  68.0938  68.236  68.5376  68.8219  69.0778  69.3725  69.4479  69.5853  
66.8933  67.4368  67.4933  68.0974  68.2408  68.5409  68.8258  69.0835  69.3753  69.4509  69.5888  
66.8918  67.4348  67.4911  68.0955  68.2384  68.54  68.8242  69.0814  69.3755  69.4511  69.588  
66.8748  67.4201  67.477  68.0844  68.2294  68.5361  68.8176  69.079  69.3775  69.4543  69.5857  
66.8752  67.4206  67.4776  68.085  68.2301  68.5365  68.8182  69.0797  69.3776  69.4544  69.5861  
66.8761  67.4215  67.4785  68.0858  68.2309  68.5372  68.819  69.0804  69.3783  69.4551  69.5868  
66.891  67.435  67.4915  68.0967  68.2403  68.5425  68.8268  69.0851  69.38  69.4559  69.5918  
66.8685  67.4156  67.473  68.0823  68.2288  68.5375  68.818  69.0823  69.382  69.4594  69.5883  
66.8631  67.4103  67.4678  68.0773  68.224  68.5331  68.8133  69.078  69.3779  69.4555  69.584  
66.8682  67.4143  67.4715  68.0795  68.2254  68.5325  68.8135  69.0764  69.3745  69.4515  69.5822  
66.862  67.4089  67.4662  68.0757  68.2222  68.5321  68.812  69.0762  69.3775  69.4551  69.583  
66.8617  67.4068  67.4636  68.0709  68.216  68.523  68.804  69.0655  69.3638  69.4405  69.5718  
