66.0821  66.9336  67.0468  67.8856  68.1555  68.3983  68.8692  69.3234  69.4633  69.5909  69.8315  
66.0778  66.9314  67.0459  67.8851  68.1578  68.3997  68.8693  69.327  69.4629  69.5907  69.8311  
66.1019  66.9526  67.0668  67.9003  68.1695  68.402  68.8768  69.3259  69.4545  69.5806  69.8315  
66.1037  66.9549  67.0691  67.9029  68.1719  68.4038  68.8791  69.3273  69.4536  69.5791  69.833  
66.0999  66.9564  67.0729  67.9081  68.181  68.4087  68.8853  69.3365  69.4522  69.5772  69.8381  
66.0966  66.9535  67.0693  67.907  68.1794  68.4111  68.8868  69.3384  69.4571  69.582  69.842  
66.1154  66.9707  67.0868  67.9195  68.19  68.4127  68.8927  69.3384  69.4498  69.5735  69.8416  
66.1354  66.9912  67.1082  67.9372  68.2073  68.4214  68.9051  69.3465  69.4473  69.5694  69.8475  
66.1148  66.9691  67.0851  67.9173  68.1878  68.4117  68.8901  69.3362  69.4484  69.5721  69.8387  
66.1294  66.9837  67.1001  67.9297  68.1995  68.4176  68.8989  69.3415  69.4476  69.5703  69.8434  
66.1107  66.9692  67.0867  67.9216  68.1956  68.4199  68.8974  69.348  69.4557  69.5795  69.8473  
66.0971  66.9537  67.07  67.9072  68.1805  68.413  68.8867  69.3393  69.4569  69.5817  69.8414  
66.0992  66.954  67.0698  67.9061  68.1785  68.4119  68.8847  69.3363  69.4562  69.581  69.839  
66.0923  66.9469  67.0625  67.8999  68.1728  68.4094  68.8803  69.3341  69.4578  69.5832  69.8368  
66.0812  66.9366  67.0518  67.8918  68.1641  68.4042  68.8753  69.3287  69.4557  69.581  69.8351  
66.078  66.9329  67.047  67.8886  68.1591  68.4022  68.8736  69.3253  69.456  69.5812  69.8353  
66.0854  66.9387  67.0524  67.8924  68.1618  68.4035  68.8756  69.3252  69.4562  69.5812  69.8359  
66.0581  66.9116  67.0245  67.8702  68.1413  68.3963  68.8613  69.3186  69.4631  69.5902  69.8304  
66.0688  66.9222  67.0353  67.8786  68.1483  68.3974  68.8661  69.3184  69.4564  69.5822  69.8312  
66.0705  66.9235  67.037  67.8791  68.1498  68.3979  68.8657  69.3199  69.4577  69.5839  69.83  
66.0768  66.9306  67.0445  67.8857  68.1562  68.4004  68.8704  69.3228  69.4554  69.5809  69.8323  
66.0764  66.9298  67.0436  67.8847  68.1551  68.3998  68.8694  69.3218  69.4552  69.5807  69.8314  
66.0823  66.9394  67.0548  67.8954  68.1673  68.4052  68.8789  69.3303  69.4537  69.5782  69.8383  
66.0513  66.9053  67.0187  67.8644  68.1367  68.392  68.8562  69.3154  69.4605  69.5879  69.826  
66.0517  66.9106  67.0265  67.8715  68.1471  68.3937  68.8615  69.3218  69.4531  69.5796  69.8276  
66.0207  66.8766  66.9906  67.8406  68.1167  68.3808  68.8391  69.3075  69.4611  69.5907  69.8156  
66.0135  66.8682  66.9824  67.8316  68.1089  68.375  68.8308  69.3029  69.4619  69.593  69.8088  
66.0082  66.8645  66.9791  67.829  68.1071  68.3724  68.829  69.3017  69.459  69.5901  69.8076  
66.0029  66.8586  66.9729  67.8239  68.1021  68.3708  68.8256  69.3001  69.462  69.5938  69.8063  
66.0221  66.8811  66.9965  67.8465  68.1245  68.3842  68.8447  69.3136  69.4598  69.5887  69.8199  
66.0201  66.8796  66.9949  67.8462  68.1243  68.3857  68.8458  69.3153  69.4625  69.5914  69.8222  
66.0263  66.886  67.0017  67.8519  68.1305  68.3897  68.85  69.3194  69.463  69.5915  69.8244  
66.04  66.8993  67.015  67.8632  68.1406  68.3947  68.858  69.324  69.4625  69.5904  69.8289  
66.0451  66.905  67.021  67.8682  68.1456  68.3966  68.8616  69.3263  69.461  69.5884  69.8306  
66.0765  66.9358  67.0531  67.8933  68.1696  68.4061  68.877  69.3347  69.4538  69.5792  69.8355  
66.0771  66.9365  67.0539  67.8941  68.1704  68.4067  68.8778  69.3354  69.4539  69.5791  69.8361  
