67.0455  67.7924  67.9314  68.6297  68.908  69.1177  69.5007  69.9103  70.0409  70.1444  
67.0379  67.7864  67.9267  68.6254  68.9065  69.1164  69.4975  69.9114  70.0404  70.1445  
67.0499  67.796  67.9346  68.6334  68.9119  69.1239  69.505  69.9167  70.05  70.154  
67.0433  67.7894  67.9276  68.6281  68.907  69.1227  69.5017  69.9155  70.0519  70.1564  
67.0101  67.7593  67.8988  68.6042  68.8883  69.1133  69.4856  69.9101  70.0532  70.1598  
67.0034  67.751  67.8899  68.5954  68.879  69.1073  69.4774  69.9021  70.0494  70.156  
67.0121  67.7595  67.8977  68.6035  68.8859  69.1136  69.4852  69.9086  70.056  70.1627  
66.9977  67.7452  67.8829  68.5917  68.8755  69.1107  69.4775  69.906  70.0602  70.1681  
67.013  67.7601  67.8981  68.6044  68.8871  69.1165  69.4865  69.9111  70.0592  70.166  
67.0085  67.7549  67.8925  68.5996  68.8825  69.1152  69.4831  69.9094  70.0615  70.1689  
66.9801  67.7286  67.8679  68.5771  68.8645  69.1026  69.4651  69.8988  70.0538  70.1622  
66.9862  67.734  67.8729  68.5819  68.868  69.106  69.4693  69.9007  70.0556  70.1635  
66.9941  67.7407  67.8792  68.5873  68.8723  69.1095  69.4731  69.9028  70.0574  70.165  
67  67.7468  67.8857  68.5923  68.8772  69.1108  69.4763  69.9044  70.0554  70.1625  
66.9917  67.739  67.8772  68.5867  68.8714  69.11  69.474  69.9035  70.0591  70.1667  
66.9871  67.7339  67.871  68.5826  68.866  69.1087  69.4721  69.9008  70.0609  70.1685  
66.9948  67.7404  67.877  68.5874  68.8694  69.1109  69.4752  69.9018  70.0618  70.1692  
66.9932  67.7399  67.8774  68.5872  68.8699  69.1087  69.4742  69.9001  70.056  70.1629  
66.9845  67.7308  67.8673  68.5805  68.8633  69.11  69.4717  69.9008  70.0645  70.1723  
67.0021  67.7485  67.8859  68.5948  68.8771  69.1138  69.4803  69.9055  70.0597  70.1664  
66.999  67.7456  67.8828  68.5925  68.8752  69.1137  69.4792  69.9058  70.0615  70.1685  
67.0004  67.747  67.8842  68.5939  68.8765  69.1147  69.4804  69.9067  70.0619  70.1689  
66.98  67.7279  67.8655  68.5779  68.8631  69.1071  69.4688  69.901  70.0618  70.1701  
67.0022  67.7502  67.8885  68.5968  68.8799  69.1132  69.4817  69.9063  70.0561  70.1625  
66.9799  67.7319  67.8715  68.5843  68.8721  69.1106  69.4753  69.9089  70.0608  70.1687  
66.9991  67.7522  67.8927  68.602  68.8884  69.116  69.4875  69.9144  70.0541  70.1603  
67.0115  67.7669  67.9088  68.616  68.9031  69.1221  69.4982  69.9227  70.0519  70.1572  
67.0046  67.7614  67.9036  68.6125  68.9006  69.121  69.4968  69.9232  70.0533  70.1589  
67.0075  67.7647  67.9073  68.6153  68.9032  69.1211  69.4983  69.9233  70.0504  70.1556  
66.9888  67.7424  67.8835  68.5933  68.8815  69.1111  69.4805  69.9109  70.0532  70.1602  
66.9868  67.7398  67.8809  68.5903  68.8784  69.1084  69.4774  69.9076  70.0508  70.1578  
66.9865  67.7386  67.8797  68.5881  68.8765  69.1066  69.4742  69.9052  70.0487  70.1558  
66.9829  67.7343  67.8749  68.5842  68.8722  69.1052  69.4715  69.903  70.0501  70.1574  
66.9807  67.7321  67.8727  68.5824  68.8708  69.105  69.4705  69.9031  70.0514  70.1589  
66.9732  67.7239  67.8639  68.5759  68.8654  69.1066  69.4671  69.9046  70.0597  70.1685  
66.9737  67.7247  67.8646  68.5767  68.8662  69.1073  69.468  69.9054  70.06  70.1686  
