66.3755  67.3752  67.5765  68.4393  68.8415  68.9877  69.4802  69.9666  70.03  70.0825  
66.3716  67.3724  67.5746  68.4375  68.8425  68.989  69.4791  69.9674  70.0326  70.0834  
66.3945  67.3843  67.5816  68.4388  68.8345  68.9816  69.4727  69.9599  70.0163  70.0749  
66.3968  67.3835  67.5788  68.4368  68.8307  68.9826  69.4711  69.9622  70.0147  70.0765  
66.3963  67.3783  67.5704  68.4313  68.8248  68.9878  69.4685  69.9711  70.0164  70.0837  
66.3927  67.3758  67.5671  68.432  68.8257  68.9938  69.4733  69.9803  70.0233  70.0927  
66.4112  67.3867  67.575  68.4345  68.8218  68.9878  69.4686  69.9714  70.0106  70.0827  
66.4324  67.3969  67.5792  68.4374  68.8174  68.9922  69.4677  69.975  70.0045  70.0834  
66.4088  67.3829  67.5706  68.4302  68.8174  68.9856  69.4643  69.9693  70.0071  70.0805  
66.4241  67.3918  67.5762  68.4343  68.8167  68.9885  69.4656  69.9721  70.0043  70.0818  
66.4089  67.3815  67.5677  68.4317  68.8207  68.9998  69.4707  69.9864  70.0197  70.096  
66.3941  67.3703  67.5583  68.4243  68.8162  68.9959  69.4667  69.9847  70.0191  70.0957  
66.3948  67.3703  67.5584  68.4233  68.8148  68.9936  69.4647  69.9821  70.0163  70.0934  
66.3877  67.3676  67.5582  68.4233  68.818  68.9929  69.4657  69.9809  70.0196  70.0931  
66.3731  67.3537  67.5426  68.4127  68.8063  68.9878  69.4601  69.9814  70.0154  70.0936  
66.3701  67.3491  67.5361  68.4087  68.8001  68.9871  69.4584  69.9835  70.013  70.0954  
66.3775  67.3549  67.5415  68.4123  68.8021  68.9873  69.4597  69.9828  70.0117  70.0947  
66.3514  67.3388  67.5306  68.406  68.8047  68.9893  69.4608  69.9867  70.0225  70.1005  
66.3599  67.3385  67.5249  68.4  68.7917  68.9844  69.4528  69.9841  70.0098  70.0963  
66.3614  67.3458  67.5365  68.4083  68.804  68.9845  69.4583  69.9794  70.0154  70.0929  
66.3668  67.3484  67.5372  68.4089  68.802  68.9842  69.4577  69.979  70.0126  70.0916  
66.3664  67.3481  67.537  68.4084  68.8017  68.9835  69.457  69.9779  70.0119  70.0907  
66.3722  67.3501  67.5358  68.409  68.799  68.9867  69.4584  69.9839  70.0121  70.0951  
66.3414  67.334  67.5284  68.4036  68.8054  68.9831  69.4585  69.9793  70.0215  70.0941  
66.3419  67.3306  67.5226  68.3978  68.7979  68.9799  69.4518  69.9765  70.0151  70.0898  
66.3105  67.3145  67.5151  68.3932  68.805  68.9772  69.4531  69.972  70.0255  70.0885  
66.303  67.3139  67.5194  68.3949  68.812  68.973  69.4529  69.9621  70.0266  70.08  
66.2979  67.3088  67.514  68.3903  68.8074  68.9697  69.4492  69.9605  70.0237  70.0783  
66.2924  67.307  67.5141  68.3914  68.8111  68.971  69.4516  69.9606  70.0278  70.0788  
66.3116  67.315  67.5148  68.3937  68.8052  68.9791  69.4545  69.9761  70.0275  70.0921  
66.3094  67.3144  67.5143  68.3951  68.8073  68.9824  69.458  69.9807  70.0322  70.0967  
66.3155  67.3192  67.5188  68.3987  68.8105  68.9856  69.4603  69.9827  70.0344  70.0984  
66.3322  67.3298  67.5267  68.4041  68.8116  68.9889  69.4622  69.9849  70.032  70.0996  
66.3373  67.3326  67.5283  68.405  68.8107  68.9888  69.4619  69.9848  70.0301  70.0991  
66.3693  67.3497  67.5387  68.4093  68.8051  68.9888  69.4573  69.9821  70.0166  70.0936  
66.3697  67.35  67.5389  68.4097  68.8055  68.9892  69.4577  69.9818  70.0168  70.0932  
