66.8136  67.7078  67.8399  68.675  68.9768  69.1462  69.6472  
66.8071  67.7036  67.8377  68.6727  68.9784  69.147  69.6456  
66.8214  67.7184  67.8527  68.6883  68.994  69.1635  69.6619  
66.8145  67.7135  67.8485  68.6864  68.9942  69.1661  69.6623  
66.7796  67.6883  67.8281  68.6722  68.9909  69.1666  69.6566  
66.7696  67.6772  67.8164  68.661  68.9791  69.1572  69.6458  
66.7809  67.6906  67.831  68.6755  68.9945  69.1699  69.6604  
66.7646  67.6812  67.8256  68.6731  68.9997  69.1755  69.663  
66.7831  67.6925  67.8332  68.6779  68.998  69.1754  69.6634  
66.7774  67.69  67.8326  68.678  69.0013  69.1776  69.6651  
66.7442  67.6601  67.8042  68.6534  68.9819  69.1632  69.6455  
66.7517  67.6634  67.8048  68.6544  68.9788  69.1647  69.6461  
66.7606  67.6701  67.8106  68.659  68.9816  69.1679  69.6492  
66.7671  67.6742  67.8135  68.6602  68.9804  69.1655  69.6479  
66.7593  67.6677  67.8071  68.6568  68.978  69.1674  69.6482  
66.7537  67.6623  67.8006  68.6534  68.9735  69.1676  69.6477  
66.7615  67.6685  67.8062  68.6577  68.976  69.169  69.6503  
66.759  67.6619  67.7968  68.6482  68.9628  69.159  69.6396  
66.7515  67.6588  67.7959  68.6513  68.9704  69.1708  69.6481  
66.7705  67.674  67.8101  68.6595  68.9749  69.1673  69.6491  
66.7678  67.6735  67.811  68.6609  68.9787  69.1703  69.6516  
66.7695  67.6749  67.8121  68.6621  68.9795  69.1714  69.6527  
66.7471  67.6594  67.8007  68.653  68.9778  69.1687  69.648  
66.7711  67.6727  67.8076  68.6559  68.9694  69.1611  69.644  
66.7509  67.662  67.802  68.6547  68.9782  69.1702  69.6494  
66.7714  67.6731  67.808  68.6561  68.9697  69.1604  69.6439  
66.7864  67.6858  67.8201  68.6643  68.9754  69.1603  69.6483  
66.7801  67.6818  67.817  68.6631  68.9761  69.1625  69.6496  
66.7828  67.6829  67.8173  68.662  68.9731  69.1577  69.6466  
66.7605  67.6654  67.8026  68.6509  68.9686  69.1578  69.6402  
66.7571  67.6616  67.7984  68.6464  68.9636  69.1524  69.6351  
66.7561  67.6606  67.7981  68.6447  68.963  69.1501  69.632  
66.7509  67.6574  67.7956  68.6442  68.9639  69.1527  69.6339  
66.7487  67.6568  67.7959  68.6451  68.9665  69.1549  69.6357  
66.7417  67.6566  67.8  68.6517  68.9811  69.1696  69.647  
66.7423  67.6574  67.8008  68.6526  68.982  69.1706  69.6478  
