-8.65299  3.48214  0.0432412
-8.65474  3.48415  0.0433408
-8.651  3.48388  0.0449331
-8.64861  3.48307  0.0454385
-8.64541  3.47881  0.0468972
-8.64479  3.47772  0.0461483
-8.64275  3.47802  0.047548
-8.63912  3.47674  0.049205
-8.64988  3.47941  0.0476361
-8.63584  3.47895  0.0484451
-8.64319  3.4759  0.0480848
-8.64666  3.47542  0.0473894
-8.65165  3.47697  0.0472147
-8.65132  3.47855  0.0465062
-8.65326  3.47411  0.0462907
-8.65319  3.4707  0.0464754
-8.64336  3.47174  0.0465174
-8.65244  3.47248  0.0448605
-8.65904  3.46893  0.0463896
-8.65325  3.47441  0.0453738
-8.65235  3.47407  0.0458458
-8.6531  3.47427  0.0458761
-8.64398  3.47094  0.0466586
-8.65637  3.47465  0.0440825
-8.65748  3.47165  0.0458523
-8.6658  3.47574  0.0430539
-8.6664  3.4791  0.0423881
-8.67489  3.47651  0.0428036
-8.67282  3.47771  0.0420773
-8.66236  3.4739  0.0432937
-8.65462  3.47397  0.0427752
-8.65895  3.47662  0.0427204
-8.65366  3.47487  0.0439587
-8.65002  3.47448  0.0444115
-8.64703  3.47436  0.0470598
-8.64832  3.47443  0.0470765
