SVD took:15.3977 seconds
0.1540s/run
0.009669280107025191 0.0 0.0
0.009669280107025191 13.7648 s 76
5  3  4  3  4  4  2  4  3  6  2
3  3  4  2  6  3  2  3  3  5  2
0.010601796787881862 51.5047 s 78
5  3  4  3  4  4  2  4  3  6  2
3  3  4  2  6  4  2  3  3  6  2
0.010770580868668826 12.8038 s 80
6  3  5  3  4  4  2  4  3  6  2
3  3  4  2  6  4  2  3  3  6  2
0.010885487794802752 51.7210 s 82
6  3  5  3  4  4  2  4  4  6  2
3  3  4  2  6  4  2  3  4  6  2
0.010602897594569054 13.4836 s 84
6  3  6  3  4  4  2  4  4  6  2
3  3  4  2  6  4  2  4  4  6  2
0.010784655727572368 52.4265 s 86
6  3  6  3  4  4  2  4  4  6  2
3  3  5  3  6  4  2  4  4  6  2
0.010478803974718733 14.4468 s 88
6  4  6  3  4  4  2  4  4  6  2
3  3  6  3  6  4  2  4  4  6  2
0.010501984986511718 53.3491 s 90
6  4  6  3  4  4  3  4  4  6  2
3  3  6  3  6  4  3  4  4  6  2
0.009745206229242616 15.3258 s 92
6  4  6  3  5  5  3  4  4  6  2
3  3  6  3  6  4  3  4  4  6  2
0.00973824843833528 54.2760 s 94
6  4  6  3  5  5  3  4  4  6  3
3  3  6  3  6  4  3  4  4  6  3
0.008543046851014981 15.9332 s 96
6  4  6  3  5  6  3  4  4  6  3
3  3  6  3  6  5  3  4  4  6  3
0.008535719565512512 54.8710 s 98
6  4  6  3  5  6  3  4  4  6  3
3  3  6  3  6  6  3  4  5  6  3
0.008871999808611565 16.8202 s 100
6  4  6  3  6  6  3  4  4  6  3
4  3  6  3  6  6  3  4  5  6  3
0.008887615446241046 55.8130 s 102
6  4  6  3  6  6  3  4  5  6  3
4  3  6  3  6  6  3  4  5  6  4
0.00937638069152273 17.5054 s 104
6  5  6  3  6  6  3  4  5  6  3
5  3  6  3  6  6  3  4  5  6  4
0.009384528262979632 56.5118 s 106
6  5  6  3  6  6  3  5  5  6  3
5  3  6  3  6  6  3  5  5  6  4
0.00806475001083287 18.3228 s 108
6  6  6  3  6  6  3  5  5  6  3
6  3  6  3  6  6  3  5  5  6  4
0.00806744549977326 57.3521 s 110
6  6  6  3  6  6  3  6  5  6  3
6  3  6  3  6  6  3  6  5  6  4