6  3  6  3  4  6  3  3  4  6  3  3  5  6  6  3
6  3  5  2  6  5  2  5  5  6  6
0.009295026731360921 76.8370 s 122
6  3  6  3  4  6  3  3  5  6  3  3  5  6  6  3
6  3  5  2  6  5  2  5  5  6  6
0.009176152694712093 29.6647 s 123
6  4  6  3  4  6  3  3  5  6  3  3  5  6  6  3
6  3  5  2  6  5  2  5  5  6  6
0.008904490074232819 77.1716 s 124
6  4  6  3  4  6  3  4  5  6  3  3  5  6  6  3
6  3  5  2  6  5  2  5  5  6  6
0.009682070787877386 29.4260 s 125
6  4  6  3  5  6  3  4  5  6  3  3  5  6  6  3
6  3  5  2  6  5  2  5  5  6  6
0.008561956802353983 76.7137 s 126
6  4  6  3  5  6  3  4  5  6  3  4  5  6  6  3
6  3  5  2  6  5  2  5  5  6  6
0.009082943493052902 30.5538 s 127
6  4  6  3  5  6  3  4  5  6  3  4  5  6  6  3
6  3  5  3  6  5  2  5  5  6  6
0.009131538341124745 78.2779 s 128
6  5  6  3  5  6  3  4  5  6  3  4  5  6  6  3
6  3  5  3  6  5  2  5  5  6  6
0.009256876053948666 31.2835 s 129
6  5  6  3  5  6  3  4  5  6  3  4  5  6  6  3
6  3  6  3  6  5  2  5  5  6  6
0.009384987612036433 78.4675 s 130
6  5  6  3  5  6  3  4  6  6  3  4  5  6  6  3
6  3  6  3  6  5  2  5  5  6  6
0.008858658261457854 32.0690 s 131
6  5  6  3  5  6  3  4  6  6  3  4  5  6  6  3
6  4  6  3  6  5  2  5  5  6  6
0.008876076102547436 79.2837 s 132
6  5  6  3  6  6  3  4  6  6  3  4  5  6  6  3
6  4  6  3  6  5  2  5  5  6  6
0.009374714775466905 32.9554 s 133
6  5  6  3  6  6  3  4  6  6  3  4  5  6  6  3
6  5  6  3  6  5  2  5  5  6  6
0.00955367238832249 80.6037 s 134
6  5  6  3  6  6  3  4  6  6  3  4  5  6  6  3
6  5  6  3  6  5  2  6  5  6  6
0.009539219047233552 33.6237 s 135
6  5  6  3  6  6  3  4  6  6  3  4  5  6  6  3
6  6  6  3  6  5  2  6  5  6  6
0.009180988033880873 81.2152 s 136
6  5  6  3  6  6  3  4  6  6  3  4  6  6  6  3
6  6  6  3  6  5  2  6  5  6  6
0.00914549406021532 34.0504 s 137
6  6  6  3  6  6  3  4  6  6  3  4  6  6  6  3
6  6  6  3  6  5  2  6  5  6  6
0.0090434970027189 81.9229 s 138
6  6  6  3  6  6  3  4  6  6  3  5  6  6  6  3
6  6  6  3  6  5  2  6  5  6  6
0.008837420521332967 34.3843 s 139
6  6  6  3  6  6  3  5  6  6  3  5  6  6  6  3
6  6  6  3  6  5  2  6  5  6  6
0.008671120366167849 90.6241 s 140
6  6  6  3  6  6  3  6  6  6  3  5  6  6  6  3
6  6  6  3  6  5  2  6  5  6  6
0.008486728759774529 35.7581 s 141
6  6  6  3  6  6  3  6  6  6  3  5  6  6  6  3
6  6  6  3  6  6  2  6  5  6  6
0.008534574687554902 83.0693 s 142
6  6  6  3  6  6  3  6  6  6  3  6  6  6  6  3
6  6  6  3  6  6  2  6  5  6  6
0.008442753970610362 36.6368 s 143
6  6  6  3  6  6  3  6  6  6  3  6  6  6  6  3
6  6  6  3  6  6  3  6  5  6  6
0.008321709252029947 84.8790 s 144
6  6  6  3  6  6  3  6  6  6  3  6  6  6  6  4
6  6  6  3  6  6  3  6  5  6  6
marcsalinas@Fermi RBM_DELTA % 