SVD took:1.4104 seconds
0.0141s/run
0.052372762159608136 0.0 0.0
0.052372762159608136 1.1540 s 14
2  2  3
2  2  3
0.0134402703793935 14.0078 s 16
2  2  4
2  2  4
0.01477188640348194 1.5986 s 18
3  2  4
3  2  4
0.01247266259284988 12.1484 s 20
3  3  4
3  3  4
0.010678565692962999 1.4509 s 22
4  3  4
4  3  4
0.01071174642253272 12.3682 s 24
4  3  5
4  3  5
0.008788988407527717 1.9769 s 26
5  3  5
5  3  5
0.00874806839376351 12.6815 s 28
5  3  6
5  3  6
0.008927172244640538 2.7128 s 30
6  3  6
6  3  6
0.008844354842020898 13.5511 s 32
6  4  6
6  4  6
0.009136689723249169 3.4584 s 34
6  5  6
6  5  6
0.009214809729829944 14.0899 s 36
6  6  6
6  6  6