SVD took:252.2363 seconds
2.5224s/run
0.06533111930551505 0.0 0.0
0.06533111930551505 253.6831 s 78
2  2  3  2  2  2  2  2  2  2  2  2  2  2  2  2  2  3  2  2  2  2
2  2  2  2  2  2  2  2  2  2  2  2  2  2  2  2
0.04583759655470145 292.5229 s 80
2  2  3  2  2  2  2  2  2  2  2  2  2  2  2  2  2  3  2  2  2  2
2  2  2  2  2  2  2  2  2  2  2  2  2  3  3  2
0.03791917608254724 216.0426 s 82
3  2  3  2  2  2  2  2  2  2  2  2  2  2  2  2  2  3  2  2  3  2
2  2  2  2  2  2  2  2  2  2  2  2  2  3  3  2
0.013348786647990076 91.8910 s 84
3  2  3  2  2  2  2  2  2  2  2  2  2  2  2  2  2  3  2  2  3  2
2  2  2  2  2  2  2  2  2  2  2  2  2  4  4  2
0.013237260464455246 23.6170 s 86
3  2  3  2  2  2  2  2  2  2  2  2  3  2  2  3  2  3  2  2  3  2
2  2  2  2  2  2  2  2  2  2  2  2  2  4  4  2
0.016405963583435997 91.9401 s 88
3  2  3  2  2  2  2  2  2  2  2  2  3  2  2  3  2  3  2  2  3  2
2  2  2  2  2  2  2  2  2  2  2  2  2  5  5  2
0.017381564131150436 27.7424 s 90
3  2  3  2  2  2  2  2  2  2  2  2  3  2  2  3  2  3  2  2  3  2
2  2  2  2  2  2  2  2  2  3  2  2  3  5  5  2
0.01752162795021527 92.8099 s 92
3  2  3  2  2  2  2  2  2  2  2  2  3  2  2  3  2  3  2  2  3  2
2  2  2  2  2  2  2  2  2  3  2  2  3  6  6  2
0.017059314839206995 27.3543 s 94
3  2  3  2  2  2  2  2  2  2  2  2  3  2  2  3  2  3  2  3  3  2
2  2  2  2  2  2  2  2  2  3  2  2  3  6  6  3
0.022216401228427777 190.3166 s 96
3  2  3  2  2  2  2  2  2  2  2  2  3  2  2  3  2  3  2  3  3  2
2  2  2  2  2  2  2  2  2  4  2  2  3  6  6  4
0.01764652272542109 29.0086 s 98
3  2  3  2  2  2  2  2  2  2  2  2  3  2  2  4  2  3  2  3  3  2
2  2  3  2  2  2  2  2  2  4  2  2  3  6  6  4
0.01678577793790887 94.5835 s 100
3  2  3  2  2  2  2  2  2  2  2  2  3  2  3  4  2  3  2  3  3  2
2  2  3  2  2  2  2  2  2  5  2  2  3  6  6  4
0.018849183000050784 28.9218 s 102
3  2  3  2  2  2  2  2  3  2  2  2  3  2  4  4  2  3  2  3  3  2
2  2  3  2  2  2  2  2  2  5  2  2  3  6  6  4
0.052925890889883836 299.9951 s 104
3  2  3  2  2  2  2  2  4  2  2  2  3  2  4  4  2  3  2  3  3  2
2  2  3  2  2  2  2  2  2  6  2  2  3  6  6  4
0.018057764753432445 29.9578 s 106
3  2  3  2  3  2  2  2  4  2  2  2  4  2  4  4  2  3  2  3  3  2
2  2  3  2  2  2  2  2  2  6  2  2  3  6  6  4
0.017574648039600876 97.2829 s 108
3  2  3  2  3  2  2  2  4  2  2  2  4  2  4  4  2  4  2  3  3  3
2  2  3  2  2  2  2  2  2  6  2  2  3  6  6  4
0.017710212247066624 30.7452 s 110
3  2  3  2  3  2  2  2  4  3  2  2  4  2  4  4  2  4  2  3  3  3
2  2  3  2  2  2  2  2  3  6  2  2  3  6  6  4
0.018583534628279805 97.7703 s 112
3  2  3  2  3  2  2  2  4  4  2  2  4  2  4  4  2  4  2  3  4  3
2  2  3  2  2  2  2  2  3  6  2  2  3  6  6  4
0.019195266781252114 33.0063 s 114
3  2  3  2  3  2  2  2  4  5  2  2  4  2  4  4  2  4  2  3  4  4
2  2  3  2  2  2  2  2  3  6  2  2  3  6  6  4
0.03950860514495113 251.4154 s 116
3  2  3  2  3  2  2  2  4  5  2  2  4  2  4  4  2  4  2  3  5  5
2  2  3  2  2  2  2  2  3  6  2  2  3  6  6  4
0.018547486366231915 33.5926 s 118
4  2  3  2  3  2  2  2  4  5  2  2  4  2  4  4  2  4  2  3  5  5
2  2  3  2  3  2  2  2  3  6  2  2  3  6  6  4
0.018084324188091888 99.1006 s 120
4  2  3  2  3  2  2  2  4  5  2  2  4  2  4  4  2  4  2  4  5  6
2  2  3  2  3  2  2  2  3  6  2  2  3  6  6  4
0.017110062163207304 36.2303 s 122
4  2  3  2  3  3  2  2  4  5  2  2  4  2  4  4  2  4  2  4  5  6
2  2  4  2  3  2  2  2  3  6  2  2  3  6  6  4
0.01771725400189218 101.8507 s 124
4  2  3  2  3  4  2  2  5  5  2  2  4  2  4  4  2  4  2  4  5  6
2  2  4  2  3  2  2  2  3  6  2  2  3  6  6  4
0.016949924078193464 39.5251 s 126
4  3  3  2  3  4  2  2  5  5  2  2  4  2  4  4  2  4  2  4  5  6
2  2  5  2  3  2  2  2  3  6  2  2  3  6  6  4
0.016152126428637822 103.1225 s 128
4  3  3  2  3  4  2  2  5  5  2  2  4  2  4  4  3  4  2  5  5  6
2  2  5  2  3  2  2  2  3  6  2  2  3  6  6  4
0.01985232444477748 63.6626 s 130
5  3  3  2  3  4  2  2  5  5  2  2  4  2  4  4  3  4  2  5  5  6
3  2  5  2  3  2  2  2  3  6  2  2  3  6  6  4
0.015198483459706837 129.5864 s 132
5  3  3  2  3  4  2  2  5  5  2  2  4  2  5  4  3  4  2  6  5  6
3  2  5  2  3  2  2  2  3  6  2  2  3  6  6  4
0.014635843018657058 40.7251 s 134
5  3  4  2  3  4  2  2  5  5  2  2  4  2  5  4  3  4  2  6  5  6
3  2  5  2  3  2  2  3  3  6  2  2  3  6  6  4
0.014070004882220486 106.7280 s 136
5  3  4  2  3  4  2  2  5  5  2  2  4  2  6  4  3  4  2  6  5  6
3  2  5  2  3  3  2  3  3  6  2  2  3  6  6  4
0.014653370493129154 43.1965 s 138
5  3  5  2  3  4  2  2  5  5  2  2  4  2  6  4  3  4  2  6  5  6
3  2  5  2  3  4  2  3  3  6  2  2  3  6  6  4
0.013922737288313742 115.6455 s 140
5  3  5  3  3  5  2  2  5  5  2  2  4  2  6  4  3  4  2  6  5  6
3  2  5  2  3  4  2  3  3  6  2  2  3  6  6  4
0.01388137039986831 45.0629 s 142
5  3  6  3  3  5  2  3  5  5  2  2  4  2  6  4  3  4  2  6  5  6
3  2  5  2  3  4  2  3  3  6  2  2  3  6  6  4
0.013080041177234537 109.5323 s 144
5  3  6  3  3  5  2  3  5  5  2  3  4  2  6  4  3  4  2  6  5  6
3  2  5  2  3  4  2  3  3  6  2  2  3  6  6  5
0.012646198950084698 48.6774 s 146
5  3  6  3  3  5  2  3  5  5  2  3  4  2  6  4  3  4  2  6  5  6
4  2  5  2  4  4  2  3  3  6  2  2  3  6  6  5
0.011688260910540142 114.0724 s 148
5  3  6  3  3  5  3  3  5  5  2  3  4  2  6  4  3  5  2  6  5  6
4  2  5  2  4  4  2  3  3  6  2  2  3  6  6  5
0.011448223956423212 47.6191 s 150
6  3  6  3  4  5  3  3  5  5  2  3  4  2  6  4  3  5  2  6  5  6
4  2  5  2  4  4  2  3  3  6  2  2  3  6  6  5
0.01113014726541766 115.8402 s 152
6  3  6  3  4  5  3  3  5  5  2  3  4  2  6  4  3  5  2  6  6  6
4  3  5  2  4  4  2  3  3  6  2  2  3  6  6  5
0.010221343023615673 49.6793 s 154
6  4  6  3  4  5  3  3  5  5  2  3  4  2  6  4  3  5  2  6  6  6
4  3  5  2  4  4  2  3  3  6  2  3  3  6  6  5
0.008878099189297392 115.5439 s 156
6  4  6  3  4  5  3  3  5  5  2  3  4  2  6  5  3  5  2  6  6  6
4  3  5  2  4  5  2  3  3  6  2  3  3  6  6  5
0.008976105980343539 49.8962 s 158
6  5  6  3  5  5  3  3  5  5  2  3  4  2  6  5  3  5  2  6  6  6
4  3  5  2  4  5  2  3  3  6  2  3  3  6  6  5
0.00879412630092145 117.6131 s 160
6  5  6  3  5  5  3  3  5  5  2  3  4  2  6  6  3  5  2  6  6  6
4  3  5  2  4  5  2  3  3  6  2  3  3  6  6  6
0.008680784975105018 53.2523 s 162
6  6  6  3  5  5  3  3  5  5  2  3  4  2  6  6  3  5  2  6  6  6
4  3  6  2  4  5  2  3  3  6  2  3  3  6  6  6
0.008831692016726463 120.2906 s 164
6  6  6  3  5  5  3  3  5  5  3  3  4  2  6  6  3  5  2  6  6  6
4  3  6  2  4  5  2  3  4  6  2  3  3  6  6  6
0.009008449919354122 55.9480 s 166
6  6  6  3  5  5  3  4  5  5  3  3  4  2  6  6  3  5  2  6  6  6
4  3  6  2  4  5  2  4  4  6  2  3  3  6  6  6
0.008314225615101778 123.0428 s 168
6  6  6  3  5  5  3  4  5  6  3  3  4  2  6  6  3  5  2  6  6  6
4  3  6  2  4  5  2  4  5  6  2  3  3  6  6  6
0.008266767757131345 55.9456 s 170
6  6  6  3  5  6  3  5  5  6  3  3  4  2  6  6  3  5  2  6  6  6
4  3  6  2  4  5  2  4  5  6  2  3  3  6  6  6
0.008178539988524837 123.9820 s 172
6  6  6  3  5  6  3  5  5  6  3  3  4  3  6  6  3  5  2  6  6  6
4  3  6  2  4  5  2  4  5  6  2  3  4  6  6  6
0.0080919600668238 61.4612 s 174
6  6  6  3  5  6  3  5  5  6  3  3  4  3  6  6  3  5  2  6  6  6
5  3  6  3  4  5  2  4  5  6  2  3  4  6  6  6
0.00782981246685547 126.5551 s 176
6  6  6  3  5  6  3  5  5  6  3  3  4  3  6  6  3  5  3  6  6  6
5  3  6  3  4  5  2  4  5  6  2  4  4  6  6  6