SVD took:3.3845 seconds
0.0338s/run
0.06836594251462096 0.0 0.0
0.06836594251462096 2.9036 s 26
2  2  2  2  3  2
2  2  2  2  3  2
0.03861170127466025 23.9824 s 28
2  2  2  2  3  3
2  2  2  2  3  3
0.029643136238844542 3.5909 s 30
2  2  3  2  3  3
2  2  3  2  3  3
0.026287982761364147 24.0402 s 32
2  2  4  2  3  3
2  2  4  2  3  3
0.012185355544041272 3.9907 s 34
3  2  4  2  3  3
3  2  4  2  3  3
0.011295849240520255 24.4677 s 36
3  2  5  2  3  3
3  2  4  2  4  3
0.01007862440273822 4.3481 s 38
4  2  5  2  3  3
4  2  4  2  4  3
0.010146749320505109 24.4690 s 40
4  2  5  2  4  3
4  2  5  2  4  3
0.009262179854672042 4.7872 s 42
5  2  5  2  4  3
5  2  5  2  4  3
0.009228045727822548 24.7920 s 44
5  2  5  2  4  4
5  2  5  2  4  4
0.01216939008753613 5.1628 s 46
6  2  5  2  4  4
6  2  5  2  4  4
0.012166187974991517 25.1578 s 48
6  3  5  2  4  4
6  3  5  2  4  4
0.011119992440079152 5.4846 s 50
6  4  6  2  4  4
6  3  5  2  4  4
0.011246771077018814 25.5477 s 52
6  4  6  3  4  4
6  3  5  3  4  4
0.009741845566545173 5.9445 s 54
6  5  6  3  4  4
6  3  6  3  4  4
0.009826508778414329 26.2455 s 56
6  5  6  3  4  5
6  3  6  3  5  4
0.00946610626885171 6.3993 s 58
6  6  6  3  4  5
6  4  6  3  5  4
0.009513556414701262 26.4141 s 60
6  6  6  3  5  5
6  4  6  3  6  4
0.009434487476923542 6.9472 s 62
6  6  6  3  6  5
6  5  6  3  6  4
0.009170385778592837 26.8545 s 64
6  6  6  3  6  6
6  5  6  3  6  5
0.008882853993831753 7.4994 s 66
6  6  6  4  6  6
6  6  6  3  6  5
0.008972069081939473 27.7532 s 68
6  6  6  4  6  6
6  6  6  4  6  6
0.009085222716458468 7.9572 s 70
6  6  6  5  6  6
6  6  6  5  6  6
0.009087239180461885 28.3341 s 72
6  6  6  6  6  6
6  6  6  6  6  6