SVD took:4.4618 seconds
0.0446s/run
0.03483359685122354 0.0 0.0
0.03483359685122354 4.0656 s 28
2  2  3  2  2  2  2
2  2  3  2  2  2
0.04867205409659247 26.4910 s 30
2  2  3  2  2  2  2
2  2  3  2  3  3
0.044401274074025616 3.9286 s 32
2  3  4  2  2  2  2
2  2  3  2  3  3
0.02998764789342763 25.9781 s 34
2  3  4  2  2  2  2
2  2  3  2  4  4
0.02767588200517389 4.3427 s 36
2  3  4  2  3  2  2
2  2  4  2  4  4
0.017231036760421523 26.1951 s 38
2  3  4  2  3  2  2
2  2  4  2  5  5
0.016817551854195846 4.7205 s 40
2  3  5  2  3  3  2
2  2  4  2  5  5
0.01722161608911554 26.6880 s 42
2  3  5  2  3  3  2
2  2  4  2  6  6
0.017031977751231775 5.3316 s 44
2  3  6  3  3  3  2
2  2  4  2  6  6
0.014393778184812103 28.2184 s 46
3  3  6  3  3  4  2
2  2  4  2  6  6
0.013906988019565194 5.5699 s 48
4  3  6  3  3  4  2
2  3  4  2  6  6
0.01162578337944856 27.4728 s 50
4  3  6  3  3  4  2
3  3  5  2  6  6
0.012015636735243031 6.0498 s 52
5  3  6  3  4  4  2
3  3  5  2  6  6
0.010996565263583537 27.8200 s 54
5  3  6  3  4  5  3
3  3  5  2  6  6
0.010416039615186517 6.5283 s 56
6  3  6  3  4  5  3
4  3  5  2  6  6
0.01049987171959108 28.2158 s 58
6  3  6  3  5  5  3
4  3  5  3  6  6
0.0092034323437729 7.0393 s 60
6  4  6  3  5  5  3
4  3  6  3  6  6
0.008949312322101175 28.7925 s 62
6  4  6  3  6  6  3
4  3  6  3  6  6
0.008611970777901004 7.5646 s 64
6  5  6  3  6  6  3
5  3  6  3  6  6
0.009176618974487863 31.4289 s 66
6  5  6  4  6  6  4
5  3  6  3  6  6
0.008766260690252263 9.8472 s 68
6  6  6  4  6  6  4
6  3  6  3  6  6
0.00891363359980284 32.4626 s 70
6  6  6  5  6  6  5
6  3  6  3  6  6
0.009294721042992275 9.0567 s 72
6  6  6  6  6  6  5
6  4  6  3  6  6
0.009047114835358822 33.1315 s 74
6  6  6  6  6  6  6
6  5  6  3  6  6
0.00943063463760657 9.6163 s 76
6  6  6  6  6  6  6
6  6  6  4  6  6