SVD took:6.1852 seconds
0.0619s/run
0.08358275910022388 0.0 0.0
0.08358275910022388 5.1271 s 36
2  2  3  2  2  2  2  3  2  2
2  2  2  2  2  2  2
0.025252266216312106 37.4662 s 38
2  2  3  2  3  2  2  3  2  3
2  2  2  2  2  2  2
0.025405546433681588 5.4456 s 40
2  2  3  2  3  3  2  3  2  3
2  2  2  2  2  3  2
0.06710745129027434 40.7211 s 42
2  2  3  2  3  3  2  4  2  3
2  2  2  2  2  4  2
0.020620901857705168 5.9435 s 44
2  2  3  2  3  4  2  4  2  3
2  2  3  2  2  4  2
0.0255406915793308 36.0505 s 46
2  2  3  2  3  4  2  4  2  4
2  2  3  2  3  4  2
0.0716106267397184 64.8378 s 48
2  2  3  2  3  4  2  4  2  5
3  2  3  2  3  4  2
0.055518261865880394 91.3747 s 50
2  2  3  2  3  4  2  5  2  6
3  2  3  2  3  4  2
0.021344067605604044 7.7783 s 52
2  2  4  2  3  4  2  5  2  6
3  2  4  2  3  4  2
0.01885183959608236 38.7340 s 54
3  2  4  2  3  4  2  5  3  6
3  2  4  2  3  4  2
0.014974274906669631 7.5036 s 56
4  2  4  2  4  4  2  5  3  6
3  2  4  2  3  4  2
0.013035842648609108 37.5750 s 58
4  3  4  2  4  4  2  5  4  6
3  2  4  2  3  4  2
0.0294665338275661 26.5160 s 60
4  3  4  2  4  4  2  5  5  6
4  2  4  2  3  4  2
0.011843906823821602 38.0280 s 62
4  3  4  3  4  4  2  5  5  6
4  2  5  2  3  4  2
0.011822663062287101 8.6400 s 64
4  3  5  3  4  4  2  5  5  6
4  2  5  2  4  4  2
0.010619268169483309 40.8206 s 66
4  3  5  3  4  4  2  6  5  6
4  2  5  2  5  4  2
0.009793245641283352 10.0273 s 68
5  3  6  3  4  4  2  6  5  6
4  2  5  2  5  4  2
0.009727251977046922 39.8868 s 70
5  3  6  3  5  4  2  6  5  6
4  2  5  2  5  5  2
0.009511034055361182 9.7091 s 72
6  3  6  3  5  4  2  6  5  6
4  3  5  2  5  5  2
0.00968194413884193 40.0212 s 74
6  3  6  3  6  4  2  6  5  6
4  3  5  3  5  5  2
0.009125225710120635 11.6155 s 76
6  3  6  3  6  5  2  6  5  6
4  3  6  3  5  5  2
0.009189385003956562 40.6171 s 78
6  3  6  3  6  5  3  6  5  6
4  3  6  3  6  5  2
0.009300291493700019 11.0447 s 80
6  4  6  3  6  5  3  6  5  6
5  3  6  3  6  5  2
0.009314226874049059 41.6068 s 82
6  4  6  3  6  5  4  6  5  6
5  3  6  3  6  5  3
0.008941179405580346 11.7745 s 84
6  4  6  3  6  5  4  6  5  6
6  4  6  3  6  5  3
0.008959695661508836 42.2511 s 86
6  4  6  3  6  6  4  6  5  6
6  4  6  3  6  6  3
0.008830894373386987 12.9007 s 88
6  5  6  3  6  6  4  6  5  6
6  5  6  3  6  6  3
0.008893486610647318 47.4752 s 90
6  5  6  4  6  6  4  6  5  6
6  5  6  3  6  6  4
0.00832752701534277 14.0573 s 92
6  6  6  4  6  6  4  6  5  6
6  6  6  3  6  6  4
0.008329219565548005 47.5137 s 94
6  6  6  4  6  6  4  6  5  6
6  6  6  4  6  6  5