SVD took:10.2967 seconds
0.1030s/run
0.041790069050112455 0.0 0.0
0.041790069050112455 8.7616 s 44
2  2  2  2  2  2  2  2  2  2  2
2  2  2  2  2  3  2  2  2  3
0.03148571489061901 42.0518 s 46
2  2  2  2  3  2  2  2  2  2  2
2  2  2  2  2  3  2  2  2  4
0.03037618227363698 8.3537 s 48
2  2  2  2  3  3  2  2  2  2  2
2  2  3  2  2  3  2  2  2  4
0.034179827909001405 43.8055 s 50
2  2  2  2  3  3  2  3  2  3  2
2  2  3  2  2  3  2  2  2  4
0.02901812773903707 8.5814 s 52
2  2  3  2  3  3  2  3  2  3  2
2  2  3  2  3  3  2  2  2  4
0.02819491257882227 43.8311 s 54
2  2  3  2  3  3  2  3  3  4  2
2  2  3  2  3  3  2  2  2  4
0.02939794419327459 9.1240 s 56
2  2  3  3  3  3  2  3  3  4  2
2  2  4  2  3  3  2  2  2  4
0.025207444095453724 44.0260 s 58
3  2  3  3  3  3  2  3  3  4  2
2  2  4  2  3  3  2  2  3  4
0.02303966339721754 9.8077 s 60
3  2  3  3  3  3  2  3  3  4  2
2  2  4  2  4  3  2  3  3  4
0.01742615383225228 44.4510 s 62
3  3  3  3  3  3  2  3  3  4  2
3  2  4  2  4  3  2  3  3  4
0.01642189472494845 10.2206 s 64
3  3  4  3  3  3  2  3  3  4  2
3  2  4  2  4  3  2  4  3  4
0.013793941669908882 45.2306 s 66
3  3  4  3  3  4  2  3  3  4  2
3  3  4  2  4  3  2  4  3  4
0.010433187235242123 12.3351 s 68
3  3  4  3  3  5  2  3  3  5  2
3  3  4  2  4  3  2  4  3  4
0.014693850060773244 45.9759 s 70
3  3  5  3  3  5  2  3  3  6  2
3  3  4  2  4  3  2  4  3  4
0.016490627280875216 27.9748 s 72
4  3  5  3  4  5  2  3  3  6  2
3  3  4  2  4  3  2  4  3  4
0.014397245641378974 50.8892 s 74
4  3  6  3  4  5  3  3  3  6  2
3  3  4  2  4  3  2  4  3  4
0.01127090467056167 12.0329 s 76
5  4  6  3  4  5  3  3  3  6  2
3  3  4  2  4  3  2  4  3  4
0.011298821005850534 46.9095 s 78
5  4  6  3  4  5  3  3  3  6  2
3  3  4  3  4  3  2  4  4  4
0.010631745391684894 12.7683 s 80
6  4  6  3  4  5  3  4  3  6  2
3  3  4  3  4  3  2  4  4  4
0.010475353202036537 47.7005 s 82
6  4  6  3  4  5  3  4  4  6  2
3  3  4  3  4  4  2  4  4  4
0.010282868773112774 13.8128 s 84
6  5  6  3  5  5  3  4  4  6  2
3  3  4  3  4  4  2  4  4  4
0.010057591628423417 48.2352 s 86
6  5  6  3  5  5  3  4  4  6  3
3  3  4  3  5  4  2  4  4  4
0.009325469704442212 14.2190 s 88
6  6  6  3  5  6  3  4  4  6  3
3  3  4  3  5  4  2  4  4  4
0.00933559998710578 48.8494 s 90
6  6  6  3  5  6  3  5  4  6  3
3  3  4  3  5  4  3  4  4  4
#   0.008751385776559211 15.0417 s 92
6  6  6  3  6  6  3  5  4  6  3
3  3  4  3  5  4  3  4  4  5
0.008786395550873323 49.9149 s 94
6  6  6  3  6  6  3  5  4  6  3
3  3  4  3  5  5  3  4  4  6
0.00902466236589092 15.6993 s 96
6  6  6  3  6  6  3  5  4  6  3
3  3  5  3  5  6  3  4  4  6
0.011989485048632531 69.1946 s 98
6  6  6  3  6  6  3  6  4  6  3
3  3  6  3  5  6  3  4  4  6
0.008936384434801568 16.5716 s 100
6  6  6  3  6  6  3  6  4  6  3
4  3  6  3  6  6  3  4  4  6
0.009033687235532425 51.7752 s 102
6  6  6  3  6  6  3  6  5  6  3
4  3  6  3  6  6  3  5  4  6
0.008830031496650896 17.4454 s 104
6  6  6  4  6  6  3  6  5  6  3
5  3  6  3  6  6  3  5  4  6
0.008773068407599317 52.2409 s 106
6  6  6  4  6  6  3  6  6  6  3
5  3  6  3  6  6  3  5  5  6
0.008372691523808023 18.2174 s 108
6  6  6  5  6  6  3  6  6  6  3
6  3  6  3  6  6  3  5  5  6
0.008357544268062362 53.0703 s 110
6  6  6  5  6  6  3  6  6  6  3
6  3  6  3  6  6  3  6  6  6