-16.232  0.15069  0.5963  223.57  34.870755382327886  83.8965  339.4486019007238  0.030257837791726857  492.555  
-16.232  0.15069  0.5952721570985334  223.57  34.870755382327886  83.8965  339.4486019007238  0.030257837791726857  492.555  
-16.232  0.15069  0.5952721570985334  223.57  34.870755382327886  83.8965  339.4486019007238  0.029149509808650557  492.555  
-16.23422739073384  0.15069  0.5972105386128084  223.53110852489266  34.870755382327886  83.8965  275.96889785297464  0.02709224971507809  492.555  
-16.23422739073384  0.15069  0.5972105386128084  223.53110852489266  34.870755382327886  83.8965  275.96889785297464  0.027234348030919345  492.555  
-16.23422739073384  0.15069  0.5972105386128084  223.53110852489266  34.773236121317595  83.8965  489.89678516989943  0.028135955015770583  492.9123140511547  
-16.232898621123233  0.1509633527671424  0.5972105386128084  223.53110852489266  34.54905463374581  83.8965  489.89678516989943  0.028135955015770583  492.77678474646456  
-16.232898621123233  0.15138092673897774  0.5972105386128084  223.53110852489266  34.54905463374581  85.78136526098228  489.89678516989943  0.028135955015770583  492.77678474646456  
-16.240959642422677  0.15174761618905616  0.5940249497601302  223.53110852489266  34.763690272008425  85.78136526098228  519.064646860092  0.029742584551107613  492.77678474646456  
-16.240959642422677  0.1517012118974354  0.5940249497601302  223.39524404118555  34.763690272008425  85.78136526098228  442.44613902981604  0.02848256245085608  492.77678474646456  
-16.240959642422677  0.1517012118974354  0.5940249497601302  223.39524404118555  34.763690272008425  85.78136526098228  442.44613902981604  0.02848256245085608  492.77678474646456  
-16.24817922859572  0.1517012118974354  0.5940249497601302  224.25806344360308  34.763690272008425  85.78136526098228  451.57502790048653  0.02848256245085608  492.9118323710944  
-16.24817922859572  0.1517012118974354  0.5940249497601302  224.25806344360308  34.56359371584362  84.26848885870243  451.57502790048653  0.02848256245085608  492.8995306499859  
-16.24817922859572  0.15189156062478482  0.593533216308019  224.25806344360308  34.735525988477306  84.26848885870243  451.57502790048653  0.02848256245085608  492.8781612083911  
-16.253033078450265  0.15221896802695076  0.5943173140632255  224.57847327355947  34.735525988477306  84.26848885870243  356.57426959756094  0.029535169067897486  492.8781612083911  
-16.253033078450265  0.15221896802695076  0.5943173140632255  224.39509807648946  34.735525988477306  84.26848885870243  545.5075232040047  0.030853463205322965  492.8781612083911  
-16.253033078450265  0.15221896802695076  0.5943173140632255  224.39509807648946  34.412323779637134  83.9362635462789  545.5075232040047  0.030853463205322965  492.7209460713632  
-16.252013298709432  0.15221896802695076  0.5962716816098921  224.39509807648946  34.34939544468051  83.9362635462789  545.5075232040047  0.030853463205322965  492.7209460713632  
-16.252013298709432  0.15221896802695076  0.5931249629360877  224.39509807648946  34.34939544468051  83.9362635462789  562.6093925541044  0.030853463205322965  492.51894469726494  
-16.252013298709432  0.15213861647626334  0.5931249629360877  224.39509807648946  34.34939544468051  83.9362635462789  534.6840408785076  0.030515198259361814  492.51894469726494  
-16.25604299031156  0.15220277555699896  0.5928162146615885  224.24701679520763  34.49818331056689  83.9362635462789  534.6840408785076  0.02972509886401381  492.51894469726494  
-16.25604299031156  0.15220277555699896  0.5928162146615885  224.24701679520763  34.74258978886569  83.9362635462789  455.3415252045148  0.02972509886401381  492.51894469726494  
-16.260659450271664  0.15201213382027348  0.5928162146615885  224.4632681154835  34.74258978886569  83.9362635462789  455.3415252045148  0.028406489903892  492.51894469726494  
-16.260659450271664  0.15201213382027348  0.5928162146615885  224.44162680147195  34.82981285608333  82.24418759310903  455.3415252045148  0.0305358170019983  492.39279349327757  
-16.260659450271664  0.15201213382027348  0.5928162146615885  224.44162680147195  34.85075061518071  82.24418759310903  455.3415252045148  0.030951313223381256  492.21406305793107  
-16.260659450271664  0.15201213382027348  0.5928162146615885  223.61548436851822  34.85075061518071  82.24418759310903  455.3415252045148  0.030951313223381256  492.24386172838024  
-16.260659450271664  0.1525563364258247  0.5928162146615885  223.61548436851822  34.85075061518071  82.24418759310903  455.3415252045148  0.032424341439618004  492.1780666416445  
-16.259675759959997  0.15216920422946498  0.5941684354798418  223.61548436851822  35.00081518814931  87.43660929326374  456.26773830690297  0.031424412113502484  492.1780666416445  
-16.25050579094618  0.15209093115089367  0.5902474634091459  223.4631471358611  35.25183182663999  89.20049452422406  456.26773830690297  0.031424412113502484  491.91635726184694  
-16.260754139573663  0.15209093115089367  0.5902474634091459  223.4631471358611  35.38813637958167  87.45825674580134  456.26773830690297  0.031424412113502484  491.4701180653062  
-16.260754139573663  0.15209093115089367  0.5902474634091459  223.4631471358611  35.38813637958167  90.95405139159327  448.2695451913619  0.03198229648256813  491.4701180653062  
-16.260754139573663  0.15209093115089367  0.589877100831081  223.4631471358611  35.38813637958167  90.95405139159327  407.281779956068  0.03198229648256813  491.4701180653062  
-16.251380764516504  0.15209093115089367  0.589877100831081  223.4631471358611  35.54221596115918  90.95405139159327  407.281779956068  0.03198229648256813  491.5925571181764  
-16.260685665610996  0.15209093115089367  0.589877100831081  223.4631471358611  35.5773679707974  89.30045217470038  375.388942792828  0.03198229648256813  491.5925571181764  
-16.260685665610996  0.15209093115089367  0.589877100831081  223.4631471358611  35.5773679707974  89.30045217470038  375.388942792828  0.03198229648256813  491.5925571181764  
-16.260685665610996  0.1522235785449566  0.589877100831081  223.4631471358611  35.5773679707974  89.35498049585946  467.61467927239346  0.03207592095900081  491.5925571181764  
-16.260685665610996  0.1522235785449566  0.589877100831081  223.4631471358611  34.959595039956085  89.35498049585946  467.61467927239346  0.03207592095900081  491.5925571181764  
-16.25608888584417  0.15246278902021992  0.5917770708540944  222.8145017577339  34.84212658290414  89.35498049585946  540.6454729529646  0.03207592095900081  491.5925571181764  
-16.254883287612394  0.15220496867746158  0.594808722475346  222.8145017577339  34.96344979421974  91.43819774290677  540.6454729529646  0.031109438301388924  491.5925571181764  
-16.254883287612394  0.15216679822355642  0.5948017834112431  222.8145017577339  34.76277839135799  91.43819774290677  584.8323826914173  0.031109438301388924  491.5925571181764  
-16.254883287612394  0.15216679822355642  0.5948017834112431  222.71474568730108  34.91828062385581  91.43819774290677  624.3138972238604  0.032247209914975865  491.5925571181764  
-16.254883287612394  0.15216679822355642  0.5948017834112431  222.71474568730108  34.91828062385581  91.43819774290677  624.3138972238604  0.032247209914975865  491.5925571181764  
-16.254883287612394  0.15216679822355642  0.5948017834112431  222.71474568730108  34.91828062385581  91.43819774290677  618.0544846483217  0.032247209914975865  491.5925571181764  
-16.254883287612394  0.15193134859915625  0.5948017834112431  222.98794054742513  34.91828062385581  91.43819774290677  618.0544846483217  0.032247209914975865  491.5748094872334  
-16.254883287612394  0.15239373149324292  0.5913131868753991  222.98794054742513  34.91828062385581  91.43819774290677  550.3520864494585  0.030956169283702786  491.5748094872334  
-16.254883287612394  0.15239373149324292  0.5913131868753991  222.29054606960025  34.91828062385581  91.43819774290677  550.3520864494585  0.030956169283702786  491.5748094872334  
-16.254883287612394  0.15239373149324292  0.5913131868753991  223.0575320800346  34.91828062385581  91.43819774290677  550.3520864494585  0.030956169283702786  491.9139169639556  
-16.254883287612394  0.15242077287276173  0.5913131868753991  223.0575320800346  34.931620395740175  90.79547096771998  553.725978739247  0.0296936571895775  491.9247142778533  
-16.254883287612394  0.15255184549012607  0.5910196682542185  222.61932261041093  34.931620395740175  90.79547096771998  553.725978739247  0.030069234630469097  491.9247142778533  
-16.255316754109405  0.15255184549012607  0.5910196682542185  222.61932261041093  34.931620395740175  91.26685705707524  553.725978739247  0.030069234630469097  491.9247142778533  
-16.255316754109405  0.15255184549012607  0.5910196682542185  222.46411955447874  34.931620395740175  87.10860645418465  436.8762526393992  0.030069234630469097  491.4935616149391  
-16.255316754109405  0.15254426647407363  0.5910196682542185  221.30812385664578  34.931620395740175  87.10860645418465  436.8762526393992  0.03089115475843345  491.4935616149391  
-16.254776764458605  0.15313401458166337  0.5910196682542185  221.30812385664578  34.931620395740175  87.10860645418465  436.8762526393992  0.03089115475843345  491.4935616149391  
-16.25443325687109  0.15289740051963718  0.5910196682542185  221.30812385664578  34.71152948216734  87.10860645418465  467.0645255256507  0.03094444167242887  491.5438557338595  
-16.25563495452144  0.15310735136408607  0.5910196682542185  221.30812385664578  35.09059370427194  87.10860645418465  475.9815240026264  0.03094444167242887  491.57414447511144  
-16.257860070800184  0.15310735136408607  0.5910196682542185  221.30812385664578  35.09059370427194  87.10860645418465  475.9815240026264  0.03094444167242887  491.57414447511144  
-16.257860070800184  0.15264261232266976  0.5928610681832901  221.57075380612542  35.09059370427194  87.10860645418465  475.9815240026264  0.03094444167242887  491.57414447511144  
-16.257860070800184  0.15264261232266976  0.5920956683213277  221.57075380612542  35.09059370427194  87.39385343171496  475.9815240026264  0.03094444167242887  491.57414447511144  
-16.257860070800184  0.15246678293312957  0.5905326680206674  221.57075380612542  35.09059370427194  87.39385343171496  475.9815240026264  0.02959947872515989  491.57414447511144  
-16.257860070800184  0.1524160087079188  0.5918288373862184  221.57075380612542  35.0275972066621  87.39385343171496  475.9815240026264  0.02959947872515989  491.57414447511144  
-16.257860070800184  0.1524160087079188  0.5918288373862184  221.46752293002655  35.0275972066621  87.39385343171496  515.458315127167  0.02959947872515989  491.3686769820454  
-16.257860070800184  0.1524160087079188  0.5911045576333803  221.46752293002655  35.26234171727013  87.39385343171496  515.458315127167  0.03071529198056096  491.4590925342466  
-16.254832979109914  0.1526967608658222  0.5911045576333803  220.97332550586435  35.033447082594236  88.05564609773332  515.458315127167  0.031225036245723176  491.4590925342466  
-16.254832979109914  0.1526967608658222  0.5911045576333803  220.97332550586435  35.033447082594236  88.05564609773332  532.4716807276776  0.03016881855051404  491.4590925342466  
-16.254832979109914  0.1526967608658222  0.5911045576333803  221.16333746561097  35.033447082594236  88.05564609773332  532.4716807276776  0.03016881855051404  491.4590925342466  
-16.254832979109914  0.15299293225414326  0.5881024440033071  221.16333746561097  35.033447082594236  87.06957510663047  532.4716807276776  0.03016881855051404  491.4590925342466  
-16.252635855076058  0.15299293225414326  0.5885953173164526  221.16333746561097  35.033447082594236  89.694907064032  532.4716807276776  0.03016881855051404  491.50335719909174  
-16.252635855076058  0.15299293225414326  0.5902401068044064  220.6095464945267  35.033447082594236  87.15910369739332  392.4572474128724  0.03016881855051404  491.529562770053  
-16.252635855076058  0.15299293225414326  0.5902401068044064  220.5191725368273  35.033447082594236  86.9635865514219  392.4572474128724  0.029390359618775525  491.529562770053  
-16.252635855076058  0.15299293225414326  0.5902401068044064  220.28703690940876  35.238274357736486  86.9635865514219  392.4572474128724  0.029390359618775525  491.529562770053  
-16.252635855076058  0.15290278600417873  0.5902401068044064  220.35198812003748  35.168767207813474  86.9635865514219  430.4636831245714  0.02958823390693867  491.529562770053  
-16.252635855076058  0.15290278600417873  0.5888955594010075  220.11772167445204  35.09606723955299  86.9635865514219  430.4636831245714  0.02958823390693867  491.529562770053  
-16.25205821099151  0.15310609067433967  0.5888955594010075  220.11772167445204  35.09606723955299  86.9635865514219  430.4636831245714  0.02958823390693867  491.65086356550427  
-16.250393913673413  0.15310609067433967  0.5888955594010075  220.11772167445204  35.09606723955299  83.01006608953142  430.4636831245714  0.02882802257940755  491.65086356550427  
-16.250393913673413  0.15310609067433967  0.5875086761971903  220.11772167445204  35.00204980733949  83.01006608953142  430.4636831245714  0.02882802257940755  491.65086356550427  
-16.244219716923045  0.15249655926300418  0.5875086761971903  220.11772167445204  35.00204980733949  83.01006608953142  430.4636831245714  0.02882802257940755  491.65086356550427  
-16.242215226292956  0.1530953068784446  0.5875086761971903  220.11772167445204  35.00204980733949  83.01006608953142  402.07545479865047  0.03077468093019613  491.65086356550427  
-16.239058374112012  0.1530953068784446  0.5875086761971903  220.11772167445204  35.124455346742145  83.01006608953142  402.07545479865047  0.03077468093019613  491.8116180591776  
-16.234505934794566  0.1530953068784446  0.5860475498455675  220.11772167445204  35.124455346742145  86.7959958962289  402.07545479865047  0.03077468093019613  491.5136449606994  
-16.23920136340952  0.1530953068784446  0.5860475498455675  220.81515564968876  35.124455346742145  86.7959958962289  402.07545479865047  0.03077468093019613  491.5136449606994  
-16.23920136340952  0.1530953068784446  0.5860475498455675  220.81515564968876  35.124455346742145  90.00698508358305  402.07545479865047  0.03077468093019613  491.5136449606994  
-16.23920136340952  0.1530953068784446  0.5860475498455675  220.81515564968876  35.124455346742145  91.01344804370484  402.07545479865047  0.03077468093019613  491.4439700120351  
-16.24340567090043  0.1530953068784446  0.5890671152042785  219.9945389674746  35.124455346742145  88.81379492436349  402.07545479865047  0.029454927909970466  491.4439700120351  
-16.25085304848694  0.1530953068784446  0.5890671152042785  219.9945389674746  35.31225533430981  89.47680820770394  425.5102162563588  0.029454927909970466  491.4439700120351  
-16.25085304848694  0.1530953068784446  0.5890671152042785  219.9945389674746  35.57264541120565  89.47680820770394  425.5102162563588  0.03068949879710787  491.4439700120351  
-16.25085304848694  0.15281496208531353  0.5890671152042785  220.33507608056695  35.57264541120565  89.47680820770394  425.5102162563588  0.02953166809355537  491.63199487594835  
-16.25085304848694  0.15298031647178723  0.5890671152042785  220.33507608056695  35.31072415918197  89.49305808067108  425.5102162563588  0.02953166809355537  491.63199487594835  
-16.23859224854036  0.15262493526863627  0.5890671152042785  220.54851907099888  35.31072415918197  90.32674037724752  425.5102162563588  0.02953166809355537  492.07483418070717  
-16.23859224854036  0.15262493526863627  0.5890671152042785  220.54851907099888  35.31072415918197  85.76729458923403  425.5102162563588  0.02953166809355537  492.07483418070717  
-16.23859224854036  0.15262493526863627  0.5883765409195121  220.94321635822868  35.31072415918197  89.97620695239351  425.5102162563588  0.02953166809355537  492.07483418070717  
-16.23859224854036  0.15262493526863627  0.5891151872717835  220.94321635822868  35.31072415918197  89.97620695239351  425.5102162563588  0.02953166809355537  492.2458748027497  
-16.231768098730356  0.15262493526863627  0.5891151872717835  220.94321635822868  35.31072415918197  90.6875705477223  310.7898360965961  0.02970248574220641  492.2458748027497  
-16.232142325150605  0.15285342597364643  0.5891151872717835  220.56767453492355  35.29526151173172  88.63527527239799  409.9352663647833  0.030072635990589052  492.2458748027497  
-16.227775879674535  0.15285342597364643  0.5893649721774485  220.56767453492355  35.186423297146064  88.63527527239799  409.9352663647833  0.030072635990589052  492.48660387335434  
-16.227775879674535  0.15268560635435008  0.5893649721774485  220.4100432739223  35.186423297146064  84.90880076726748  427.20207078254754  0.030072635990589052  492.48660387335434  
-16.227775879674535  0.15268560635435008  0.5893649721774485  220.45319248882035  35.136498530983026  84.90880076726748  427.20207078254754  0.0298070373470111  492.48660387335434  
-16.227775879674535  0.15268560635435008  0.5879511708352294  220.45319248882035  35.136498530983026  84.90880076726748  427.20207078254754  0.0298070373470111  492.4040458457294  
-16.22868106648452  0.15288791611503944  0.588171722438868  220.45319248882035  35.136498530983026  84.52778355466825  475.86625417693773  0.0298070373470111  492.4040458457294  
-16.22868106648452  0.15288791611503944  0.5879457047873643  220.5623804678431  35.136498530983026  84.52778355466825  475.86625417693773  0.0298070373470111  492.39896028790525  
-16.22868106648452  0.15288791611503944  0.5879457047873643  219.22642714546598  35.136498530983026  84.52778355466825  475.86625417693773  0.026981154976031888  492.38111072668806  
-16.22868106648452  0.15288791611503944  0.5879457047873643  219.22642714546598  35.136498530983026  84.52778355466825  475.86625417693773  0.026981154976031888  492.38111072668806  
-16.22868106648452  0.15288791611503944  0.5879457047873643  219.22642714546598  34.80005219323033  84.52778355466825  475.86625417693773  0.024763729298581453  493.242253846291  
-16.22868106648452  0.153504730543329  0.5879457047873643  219.22642714546598  34.80005219323033  86.04608000706757  475.86625417693773  0.024763729298581453  493.3345187480375  
-16.22868106648452  0.153504730543329  0.5879457047873643  219.53774864256792  34.80005219323033  92.93488058252461  439.92475015355524  0.024763729298581453  493.3345187480375  
-16.2154555128467  0.1528234144608553  0.5897043662902398  220.0041765793754  34.928564923899145  92.93488058252461  443.5672551508777  0.02453542825037757  493.3345187480375  
-16.2154555128467  0.1528234144608553  0.5902632210755283  220.0041765793754  34.928564923899145  93.5339819907512  443.5672551508777  0.025237666623920695  493.3345187480375  
-16.2154555128467  0.1528234144608553  0.5908845198696785  220.0041765793754  34.95176229433062  93.5339819907512  443.5672551508777  0.025237666623920695  493.3345187480375  
-16.2154555128467  0.1528234144608553  0.5908845198696785  220.0041765793754  34.95176229433062  93.5339819907512  438.84149109971975  0.025237666623920695  493.3345187480375  
-16.2154555128467  0.1528234144608553  0.5908845198696785  220.0041765793754  34.95176229433062  93.5339819907512  527.5443991822115  0.025237666623920695  493.3345187480375  
-16.2154555128467  0.1528234144608553  0.5882541952334863  220.0041765793754  34.95176229433062  93.5339819907512  527.5443991822115  0.025237666623920695  493.22535968035834  
-16.2154555128467  0.1528234144608553  0.5863712072376355  220.04105018703657  35.190770336212495  93.46684488237442  527.5443991822115  0.025237666623920695  493.22535968035834  
-16.2154555128467  0.1526866015351743  0.5863712072376355  220.04105018703657  35.42956673037024  93.78083791286117  527.5443991822115  0.025237666623920695  493.22535968035834  
-16.2154555128467  0.1526866015351743  0.584381112752084  220.96545502166813  34.79910094155097  89.91562997123859  527.5443991822115  0.025237666623920695  493.22535968035834  
-16.2154555128467  0.1523659323901161  0.584381112752084  220.96545502166813  34.72364030602756  89.91562997123859  527.5443991822115  0.02311601446720776  493.22535968035834  
-16.2154555128467  0.1517646522879005  0.5889297391231183  220.51260045113247  34.73667166299825  90.21136161389369  508.4852992600266  0.02311601446720776  493.0194484605643  
-16.2154555128467  0.1517646522879005  0.5889297391231183  220.51260045113247  34.73667166299825  88.32592818697726  508.4852992600266  0.023304240529484  493.0194484605643  
-16.21513577637677  0.15144634671274745  0.5889297391231183  221.2053600368963  34.42147821614091  87.57508551367604  508.4852992600266  0.023304240529484  493.0194484605643  
-16.21513577637677  0.15140119556694198  0.5889297391231183  221.2053600368963  34.42147821614091  89.4915193646931  508.4852992600266  0.023304240529484  493.0194484605643  
-16.2097655139452  0.15140119556694198  0.5889297391231183  221.2053600368963  34.42147821614091  89.4915193646931  537.5178039790509  0.023304240529484  493.1856139082081  
-16.2097655139452  0.15140119556694198  0.5889297391231183  221.30949366421194  34.25914720463822  89.4915193646931  537.5178039790509  0.023304240529484  493.2164825684557  
-16.204472474596226  0.15140119556694198  0.5880753367845782  221.40977314160384  34.25914720463822  89.4915193646931  537.5178039790509  0.023304240529484  493.2164825684557  
-16.204472474596226  0.15140119556694198  0.5880753367845782  221.40977314160384  34.25914720463822  89.77712300084535  537.5178039790509  0.023304240529484  493.2164825684557  
-16.204472474596226  0.15140119556694198  0.5880753367845782  221.52895743181824  34.25914720463822  89.77712300084535  537.5178039790509  0.023304240529484  493.3271744545085  
-16.204472474596226  0.15140119556694198  0.5880753367845782  221.5753271418379  34.25914720463822  89.77712300084535  537.5178039790509  0.023304240529484  493.3159772378946  
-16.204472474596226  0.15140119556694198  0.5871939086142491  221.5753271418379  34.50827158249639  89.4989128222008  537.5178039790509  0.0233838913926386  493.3159772378946  
-16.208197734306818  0.15140119556694198  0.5880670375438842  221.5753271418379  34.50827158249639  88.93711048901591  537.5178039790509  0.02534196999121115  493.3159772378946  
-16.200785032907422  0.15140119556694198  0.5880670375438842  221.5753271418379  34.50827158249639  88.93711048901591  518.6217708219092  0.02534196999121115  493.3305774440124  
-16.202101830943672  0.15140119556694198  0.5892263280133812  221.5753271418379  34.87393667863356  88.93711048901591  518.6217708219092  0.02534196999121115  493.4088290036655  
-16.202101830943672  0.15147611480419376  0.5892263280133812  221.5753271418379  34.345164319303116  88.93711048901591  518.6217708219092  0.02534196999121115  493.4088290036655  
-16.19953517163649  0.15147611480419376  0.5872671963105139  221.5753271418379  34.345164319303116  88.93711048901591  507.8226222037854  0.024997853082353628  493.4088290036655  
-16.195782937486193  0.1515694424059341  0.5872671963105139  221.5753271418379  34.345164319303116  88.93711048901591  504.93414295024763  0.024997853082353628  493.662579135754  
-16.195782937486193  0.15156913024577745  0.589329164989299  221.5753271418379  34.345164319303116  85.72602468467292  504.93414295024763  0.024820683159052313  493.662579135754  
-16.197287292586868  0.15156913024577745  0.589329164989299  221.77044527082538  34.345164319303116  88.61874934313173  495.83318267872005  0.026668996048417437  493.662579135754  
-16.197287292586868  0.15190182670485808  0.589329164989299  221.34695119397537  34.66105122101089  88.61874934313173  423.46088922925264  0.02635606507541576  493.662579135754  
-16.197287292586868  0.1520324874143459  0.5896812969014831  221.34695119397537  34.66105122101089  88.61874934313173  423.46088922925264  0.02635606507541576  493.662579135754  
-16.2074171516766  0.15222118595824377  0.5896812969014831  221.34695119397537  34.66105122101089  88.61874934313173  423.46088922925264  0.025945190150820967  493.662579135754  
-16.2074171516766  0.15222118595824377  0.5896812969014831  221.34695119397537  34.66105122101089  89.6036194733186  519.7141031817835  0.025945190150820967  493.662579135754  
-16.2074171516766  0.15222118595824377  0.5896812969014831  221.34695119397537  34.66105122101089  89.6036194733186  519.7141031817835  0.025945190150820967  493.898578139625  
-16.2074171516766  0.15222118595824377