-16.232  0.15069  0.5936538595211601  223.57  34.9267  79.08567238634295  206.267  0.02995  492.555  
-16.232  0.15069  0.5936538595211601  223.57  34.9267  84.77908198569403  206.267  0.02927224315854618  492.555  
-16.232  0.15069  0.5936538595211601  223.89349366298757  34.9267  79.16926693267787  215.15835708580505  0.02927224315854618  492.61576438226996  
-16.232  0.15069  0.5918890877902276  223.60521962093037  34.9267  80.97417882828479  370.0580608331825  0.02927224315854618  492.4650188355585  
-16.232  0.15069  0.5918890877902276  223.60521962093037  35.01344009164072  86.51156640973933  425.2941766004634  0.02927224315854618  492.5813777432323  
-16.22402174294213  0.15069  0.5908832898648884  223.8788732347053  35.07794277766836  87.28147684240521  425.2941766004634  0.02927224315854618  492.5813777432323  
-16.22762189092536  0.15071964586264727  0.5908832898648884  223.8788732347053  35.07794277766836  88.351973819336  425.2941766004634  0.026859380635972104  492.5813777432323  
-16.22762189092536  0.15071964586264727  0.5908832898648884  223.82547343191817  35.07794277766836  88.19639465820107  425.2941766004634  0.026859380635972104  492.5813777432323  
-16.240178227223907  0.1513067206785772  0.5908832898648884  223.82547343191817  35.07794277766836  88.19639465820107  425.2941766004634  0.02697719590098519  492.5813777432323  
-16.240178227223907  0.1513067206785772  0.5915731729269753  223.82547343191817  35.07794277766836  88.19639465820107  425.2941766004634  0.028093847943213703  492.5307292417608  
-16.239995950719006  0.1513067206785772  0.588982529692795  223.82547343191817  35.34634731526442  88.19639465820107  425.2941766004634  0.028093847943213703  492.5307292417608  
-16.24259915684169  0.1513067206785772  0.588982529692795  223.82547343191817  35.34634731526442  87.49836945124363  425.2941766004634  0.02880393058833398  492.49375614747584  
-16.24259915684169  0.1513067206785772  0.5920001492870761  223.82547343191817  35.12907133531482  87.49836945124363  425.2941766004634  0.02880393058833398  492.49375614747584  
-16.24259915684169  0.15108470101988403  0.5920001492870761  223.82547343191817  35.12907133531482  87.49836945124363  447.8869530498404  0.02880393058833398  492.54908109105816  
-16.24259915684169  0.15094949127311957  0.5932159231868959  224.1039990787643  35.063779537405445  87.49836945124363  447.8869530498404  0.02880393058833398  492.2971344919299  
-16.245855169564518  0.15094949127311957  0.5932159231868959  224.1039990787643  35.063779537405445  87.49836945124363  447.8869530498404  0.02880393058833398  492.2971344919299  
-16.24474301764387  0.15094949127311957  0.5932159231868959  224.1039990787643  35.218113013485635  89.1571637065715  447.8869530498404  0.02880393058833398  492.2971344919299  
-16.24474301764387  0.15094949127311957  0.5932159231868959  224.1039990787643  34.980983144792546  89.1571637065715  484.8337851761908  0.02880393058833398  492.3380593268921  
-16.239588253903214  0.15094949127311957  0.5932159231868959  224.1039990787643  34.980983144792546  89.1571637065715  484.8337851761908  0.02880393058833398  492.34481177532086  
-16.239588253903214  0.15094949127311957  0.5932159231868959  224.1039990787643  34.980983144792546  93.29411027091945  475.8758068448496  0.02845990795329949  492.34481177532086  
-16.23308551802543  0.15094949127311957  0.5920238340887775  224.1039990787643  34.980983144792546  92.61917227447475  475.8758068448496  0.02845990795329949  492.34481177532086  
-16.23308551802543  0.15094949127311957  0.5936447061303206  223.95221082233851  34.98561667321887  91.55615560728815  445.39424659095124  0.031015529711956345  492.34481177532086  
-16.23308551802543  0.15094949127311957  0.5936447061303206  223.95221082233851  34.98561667321887  91.55615560728815  445.39424659095124  0.031015529711956345  492.6404675662393  
-16.229690366696524  0.1515297225040494  0.5915754292886684  223.95221082233851  34.98561667321887  91.55615560728815  445.39424659095124  0.031015529711956345  492.6404675662393  
-16.23090473158842  0.1514104104053594  0.5915754292886684  223.95221082233851  34.98561667321887  91.55615560728815  439.20485973717683  0.031015529711956345  492.6404675662393  
-16.23090473158842  0.15112286767161368  0.592008615965355  223.95221082233851  34.98561667321887  91.55615560728815  439.20485973717683  0.031015529711956345  492.6097956011488  
-16.23090473158842  0.15188163962500212  0.592008615965355  223.95221082233851  34.78247253270084  86.81634762610594  355.35236744961287  0.03190145262379189  492.6097956011488  
-16.23090473158842  0.15188163962500212  0.5917596060437701  223.95221082233851  34.78247253270084  86.81634762610594  355.35236744961287  0.03190145262379189  493.1159413371039  
-16.23090473158842  0.15188163962500212  0.5917596060437701  223.95221082233851  34.78247253270084  83.06325944105744  538.2263891425449  0.03190145262379189  493.34358497991025  
-16.23090473158842  0.15188163962500212  0.5911645624715336  223.95221082233851  34.522754308701785  83.06325944105744  416.61523143512807  0.029960158763172602  493.34358497991025  
-16.23090473158842  0.15188163962500212  0.5911645624715336  224.8218808478837  34.29790728820356  83.06325944105744  509.1691869125335  0.029960158763172602  493.34358497991025  
-16.23030667475944  0.15170553128468975  0.5921129213913024  224.8218808478837  34.3465173209724  83.06325944105744  509.1691869125335  0.029960158763172602  493.34358497991025  
-16.228411199106013  0.15170553128468975  0.5921129213913024  224.8218808478837  34.3465173209724  83.06325944105744  509.1691869125335  0.029960158763172602  493.21631333311103  
-16.228411199106013  0.15170553128468975  0.5903423373771387  224.23608079689583  34.3465173209724  83.06325944105744  509.1691869125335  0.029960158763172602  493.21631333311103  
-16.228411199106013  0.15170553128468975  0.5903423373771387  224.23608079689583  34.3465173209724  82.18028130466986  509.1691869125335  0.029960158763172602  493.21631333311103  
-16.22728731481968  0.15170553128468975  0.5903423373771387  224.43238769098215  34.6248372911262  84.53420860622218  483.18347137713965  0.029496156263952942  493.21631333311103  
-16.22728731481968  0.1516596924677259  0.5903423373771387  224.39439713793234  34.701606462541065  84.53420860622218  378.94159221783883  0.028714079327789032  493.47469456567165  
-16.22728731481968  0.1516596924677259  0.5903423373771387  224.39439713793234  34.96998242981164  84.53420860622218  378.94159221783883  0.028714079327789032  493.47469456567165  
-16.22728731481968  0.1512075823861882  0.5903423373771387  224.39439713793234  34.96998242981164  84.53420860622218  378.94159221783883  0.028714079327789032  493.47469456567165  
-16.22728731481968  0.1512075823861882  0.5903423373771387  224.39439713793234  35.24656914724756  90.7591031714876  378.94159221783883  0.026084948053040728  493.47469456567165  
-16.232616254568484  0.1512075823861882  0.5903423373771387  224.39439713793234  35.24656914724756  91.01425061555194  360.31107094561935  0.026084948053040728  493.47469456567165  
-16.232616254568484  0.1512075823861882  0.5919287984418735  224.39439713793234  35.24656914724756  91.01425061555194  356.9455349785328  0.02709158552799181  493.47469456567165  
-16.232616254568484  0.1512075823861882  0.5956929979900275  224.39439713793234  35.24656914724756  89.86135364733717  356.9455349785328  0.026758446193485656  493.47469456567165  
-16.237431722761915  0.15116721221245522  0.5956929979900275  224.39439713793234  35.24656914724756  89.86135364733717  356.9455349785328  0.026758446193485656  493.47469456567165  
-16.234162583687947  0.1510357534969329  0.5956929979900275  224.39439713793234  35.24656914724756  89.97483488257039  375.85092800819325  0.026832872769481694  493.47469456567165  
-16.234162583687947  0.15077768158636987  0.5956929979900275  224.39439713793234  35.24656914724756  89.97483488257039  375.85092800819325  0.028176717166925942  493.4767177914586  
-16.218075048333567  0.15077742658041418  0.5956929979900275  223.78858036207288  34.73117633317805  85.52334078734214  375.85092800819325  0.028176717166925942  493.4767177914586  
-16.218075048333567  0.15111556956749345  0.5968820348137189  223.78858036207288  34.53087349864516  85.52334078734214  392.60661295246683  0.028176717166925942  493.4767177914586  
-16.218075048333567  0.15111556956749345  0.5950823220942081  223.78858036207288  34.53087349864516  85.52334078734214  392.60661295246683  0.030356623613319186  493.4767177914586  
-16.217561176575494  0.15111556956749345  0.5950823220942081  224.9123738802984  34.53087349864516  84.93916853415931  392.60661295246683  0.030356623613319186  493.4767177914586  
-16.223520162977763  0.15111556956749345  0.5950823220942081  224.9123738802984  34.53087349864516  84.74380837490116  392.60661295246683  0.028634069131055373  493.4767177914586  
-16.224322995905293  0.15110345363413677  0.5920756267100377  225.1149099437723  34.84079174298998  83.79262103679031  392.60661295246683  0.028634069131055373  493.5705431549814  
-16.224322995905293  0.15110345363413677  0.5920756267100377  225.1149099437723  34.72444936050347  83.79262103679031  392.60661295246683  0.028634069131055373  493.9106869616064  
-16.224322995905293  0.15152146750169943  0.5903272159135508  225.7918841842296  34.72444936050347  85.47148102068059  392.60661295246683  0.028634069131055373  493.9106869616064  
-16.223796176013334  0.15152146750169943  0.5903272159135508  225.7918841842296  34.77593725216096  85.98182726877808  312.1560187708049  0.028634069131055373  494.11225816649966  
-16.22580645471706  0.15152146750169943  0.5932253226590345  225.7918841842296  34.77593725216096  89.85113681494737  442.510812647919  0.028634069131055373  494.11225816649966  
-16.22580645471706  0.15152146750169943  0.5932253226590345  225.7918841842296  34.77593725216096  89.85113681494737  442.510812647919  0.030158269911191585  493.96743331478433  
-16.22580645471706  0.15152146750169943  0.5932253226590345  225.47895511903556  34.77593725216096  89.85113681494737  442.510812647919  0.030158269911191585  493.86136125534114  
-16.2243395042598  0.15152146750169943  0.5932253226590345  225.47895511903556  34.77593725216096  89.85113681494737  442.510812647919  0.030158269911191585  493.86136125534114  
-16.2243395042598  0.15130756407559567  0.5932253226590345  225.47895511903556  34.81621899225694  89.85113681494737  442.510812647919  0.0280330979572226  493.86136125534114  
-16.2243395042598  0.15101759261560488  0.5961327765231766  225.47895511903556  34.81621899225694  88.45423415564508  349.73984761291  0.0280330979572226  494.05636033457967  
-16.2243395042598  0.15101759261560488  0.5957839575805064  225.26748921579699  34.81621899225694  88.45423415564508  349.73984761291  0.029454042341426817  494.05636033457967  
-16.2243395042598  0.15101759261560488  0.5957839575805064  225.26748921579699  34.81621899225694  81.03440451989431  309.46988650893826  0.029454042341426817  494.0746653914976  
-16.2243395042598  0.15101759261560488  0.5940064157828329  225.26748921579699  34.81621899225694  81.03440451989431  228.24977802050228  0.029454042341426817  494.0746653914976  
-16.2243395042598  0.15101759261560488  0.5940064157828329  225.26748921579699  34.81621899225694  81.03440451989431  377.3129645856826  0.029454042341426817  494.0746653914976  
-16.222335924068293  0.15101759261560488  0.5933004529133582  225.26748921579699  34.81621899225694  81.03440451989431  377.3129645856826  0.029454042341426817  494.0746653914976  
-16.222335924068293  0.15101759261560488  0.5933004529133582  225.49216460122037  34.81621899225694  81.03440451989431  342.3235707719587  0.029472736470203462  494.0746653914976  
-16.222335924068293  0.15089081255113185  0.5933004529133582  225.49216460122037  34.81621899225694  80.19075612950081  342.3235707719587  0.029472736470203462  493.967268221025  
-16.222335924068293  0.15067849638139494  0.5933004529133582  225.49216460122037  34.81621899225694  80.19075612950081  342.3235707719587  0.03030021954135396  493.61769350959037  
-16.222335924068293  0.15067849638139494  0.5933004529133582  225.49216460122037  34.682336054196874  79.42673568722716  342.3235707719587  0.03030021954135396  493.52372895931654  
-16.222335924068293  0.15038061931630337  0.591991831296881  226.683468091754  34.682336054196874  79.42673568722716  342.3235707719587  0.031712628014330085  493.52372895931654  
-16.223495250563303  0.15038061931630337  0.591991831296881  226.19299747487486  34.682336054196874  79.42673568722716  214.58641362162183  0.030152259558925334  493.51700101460136  
-16.223495250563303  0.15038061931630337  0.591809574291623  226.19299747487486  34.682336054196874  79.42673568722716  214.58641362162183  0.030152259558925334  493.51700101460136  
-16.226026916093232  0.15044888568753506  0.591809574291623  226.19299747487486  34.682336054196874  79.35257545236732  214.58641362162183  0.02851663726116183  493.51700101460136  
-16.231670587206043  0.15088687367933626  0.591809574291623  226.07372838897317  34.682336054196874  75.88440701212424  314.1446294595971  0.033396502033707746  493.2992058214901  
-16.23793131784602  0.1510649490050157  0.591809574291623  226.07372838897317  34.74914051545333  77.90030895067756  360.496463972107  0.0331209889126075  493.2992058214901  
-16.23793131784602  0.1510649490050157  0.591809574291623  226.1059610870193  34.74914051545333  77.90030895067756  396.95822522660103  0.03127826319642565  493.2992058214901  
-16.23793131784602  0.1510649490050157  0.591809574291623  226.1059610870193  34.74914051545333  87.40888714799829  396.95822522660103  0.03127826319642565  493.2992058214901  
-16.237961737910403  0.1510649490050157  0.593460319025098  226.1059610870193  34.7761985039861  88.79598490865904  396.95822522660103  0.031534307005266396  493.2992058214901  
-16.22585377335146  0.1510649490050157  0.593460319025098  226.1059610870193  34.7761985039861  89.00211476220923  396.95822522660103  0.03322404229551816  493.28388474012786  
-16.22585377335146  0.15082110862260328  0.5951292229229602  226.1059610870193  34.7761985039861  89.00211476220923  396.95822522660103  0.03322404229551816  493.28388474012786  
-16.22585377335146  0.15092268019412142  0.5951292229229602  226.1059610870193  34.7761985039861  89.00211476220923  396.95822522660103  0.03322404229551816  493.28388474012786  
-16.22252580135726  0.15063254644097526  0.596668951568866  226.1059610870193  34.7761985039861  89.00211476220923  396.95822522660103  0.03322404229551816  493.30111184682136  
-16.22243828092319  0.15041036014603568  0.596668951568866  226.1059610870193  34.7761985039861  89.00211476220923  438.48998892015993  0.03322404229551816  493.04790706024903  
-16.22899886086812  0.15041036014603568  0.5970725590255824  226.1059610870193  34.76572922836144  89.00211476220923  438.48998892015993  0.03337172316194454  493.04790706024903  
-16.22899886086812  0.15075529122352244  0.5964885562310581  226.1059610870193  34.76572922836144  89.00211476220923  438.48998892015993  0.03337172316194454  493.04790706024903  
-16.22899886086812  0.15075529122352244  0.5964885562310581  226.1059610870193  34.76572922836144  89.00211476220923  438.48998892015993  0.034007536531122824  493.04790706024903  
-16.22899886086812  0.15075529122352244  0.5958614411814771  226.1059610870193  34.76572922836144  89.00211476220923  438.48998892015993  0.034007536531122824  493.04790706024903  
-16.22899886086812  0.1499140192268891  0.5958614411814771  226.5489011819302  34.914143511502715  87.92718664603467  377.3985920180944  0.03461231963636785  493.04790706024903  
-16.223722962753204  0.1499140192268891  0.5958614411814771  226.5489011819302  34.914143511502715  87.92718664603467  377.3985920180944  0.035083088164664634  492.952776377583  
-16.223722962753204  0.1499140192268891  0.5965572243429034  226.5489011819302  34.914143511502715  87.92718664603467  377.3985920180944  0.03408046613630275  492.952776377583  
-16.223722962753204  0.1499140192268891  0.5961485585444484  226.5489011819302  34.914143511502715  89.82478988037826  377.3985920180944  0.036119426803869384  492.8417488466835  
-16.220496065471938  0.1499140192268891  0.5961485585444484  226.5489011819302  34.914143511502715  91.0675881445691  377.3985920180944  0.036119426803869384  492.7045884854472  
-16.220496065471938  0.14947686518234374  0.5961485585444484  226.5489011819302  34.914143511502715  91.0675881445691  385.5940796676466  0.036119426803869384  492.47787222419765  
-16.220496065471938  0.14947686518234374  0.5961485585444484  226.5489011819302  34.914143511502715  91.0675881445691  385.5940796676466  0.036119426803869384  492.56977866298246  
-16.21890070752131  0.14947686518234374  0.5961485585444484  227.05063866459702  34.914143511502715  91.13529068085637  385.5940796676466  0.036119426803869384  492.56977866298246  
-16.222243578112405  0.14934857207188826  0.5961485585444484  227.05063866459702  35.151670346518216  91.13529068085637  385.5940796676466  0.03664371856727848  492.7214002675202  
-16.222243578112405  0.14934857207188826  0.5968314265813535  227.05063866459702  34.963590954099736  91.13529068085637  385.5940796676466  0.03685948451219172  492.7214002675202  
-16.222243578112405  0.14934857207188826  0.5968314265813535  227.05063866459702  34.963590954099736  91.13529068085637  385.5940796676466  0.03685948451219172  492.7214002675202  
-16.222243578112405  0.14934857207188826  0.5968314265813535  227.45222493306815  34.963590954099736  91.13529068085637  385.5940796676466  0.03528258612810158  492.7214002675202  
-16.222243578112405  0.14934857207188826  0.5968314265813535  227.45222493306815  35.06996964531983  91.13529068085637  385.5940796676466  0.03528258612810158  492.64554033151796  
-16.238013580539246  0.14976560648763848  0.5968314265813535  227.45222493306815  35.06996964531983  88.31228577574534  385.5940796676466  0.03528258612810158  492.64554033151796  
-16.238013580539246  0.14976560648763848  0.5968314265813535  227.45222493306815  35.06996964531983  88.31228577574534  385.5940796676466  0.036993192105288446  492.64554033151796  
-16.238013580539246  0.14976560648763848  0.5968314265813535  227.45222493306815  35.06996964531983  88.31228577574534  385.5940796676466  0.03539964124771295  492.64554033151796  
-16.238013580539246  0.14970988242093933  0.5968314265813535  227.45222493306815  35.06996964531983  88.31961853638091  385.5940796676466  0.03395946707180127  492.64554033151796  
-16.24870877665879  0.14970988242093933  0.5968314265813535  227.45222493306815  35.06996964531983  88.31961853638091  406.7272967942742  0.03395946707180127  492.64554033151796  
-16.24870877665879  0.14970988242093933  0.5958563292144844  227.45222493306815  35.05119790021732  84.96370138921561  417.08040964648706  0.03268045083008257  492.4090860998344  
-16.24870877665879  0.14970988242093933  0.5958007245010716  227.45222493306815  34.87176935239104  84.96370138921561  426.33017067978136  0.033612519675186296  492.4090860998344  
-16.253927186383812  0.14970988242093933  0.5965507962015444  227.45222493306815  34.87176935239104  84.96370138921561  426.33017067978136  0.03067319261956893  492.3966482519592  
-16.253927186383812  0.14970988242093933  0.5965507962015444  227.45222493306815  34.87176935239104  84.96370138921561  356.5208313170521  0.03108099137807413  492.5367502490881  
-16.253927186383812  0.14970988242093933  0.5965507962015444  227.45222493306815  35.056438518752046  84.96370138921561  356.5208313170521  0.032210274297861385  492.4165096241316  
-16.253927186383812  0.14970988242093933  0.5965507962015444  227.45222493306815  35.056438518752046  85.48424002173763  356.5208313170521  0.032210274297861385  492.4165096241316  
-16.253927186383812  0.14970988242093933  0.5965507962015444  227.058968432977  35.056438518752046  85.48424002173763  356.5208313170521  0.031883974012409826  492.4165096241316  
-16.253927186383812  0.14970988242093933  0.5967330113860194  227.058968432977  35.056438518752046  85.48424002173763  356.5208313170521  0.031883974012409826  492.4165096241316  
-16.251333679668985  0.15011056402178796  0.5967330113860194  227.058968432977  35.056438518752046  83.88558575230343  342.9693933064267  0.031883974012409826  492.4165096241316  
-16.251333679668985  0.15011056402178796  0.5967330113860194  225.85925206435223  35.211896741120356  83.88558575230343  338.97439044873016  0.030608519440642593  492.4165096241316  
-16.251333679668985  0.15011056402178796  0.5967330113860194  225.75666877756183  35.211896741120356  87.67600796483006  380.637986335964  0.028316875055272472  492.39985719392445  
-16.251333679668985  0.15011056402178796  0.5967330113860194  225.75666877756183  35.211896741120356  87.67600796483006  380.637986335964  0.028316875055272472  492.64474644167603  
-16.251333679668985  0.15011056402178796  0.5961743019008223  225.75666877756183  35.39873724818792  87.67600796483006  380.637986335964  0.028316875055272472  492.64474644167603  
-16.251333679668985  0.15011056402178796  0.5961743019008223  225.75666877756183  35.34503195192008  87.67600796483006  380.637986335964  0.027158936815874682  492.64474644167603  
-16.251333679668985  0.15011056402178796  0.5984798944233901  225.75666877756183  35.34503195192008  87.67600796483006  380.637986335964  0.027158936815874682  492.7077986755813  
-16.255073736323943  0.15011056402178796  0.594837627811823  225.86600960894893  35.34503195192008  87.67600796483006  380.637986335964  0.027158936815874682  492.7077986755813  
-16.25432838634846  0.15052719922903698  0.594837627811823  225.86600960894893  35.34503195192008  86.88499852972087  297.71481150295233  0.029786881217236303  492.45888271815994  
-16.252156476946602  0.15052719922903698  0.594837627811823  225.86600960894893  35.461516571219775  86.88499852972087  414.7445293251108  0.03118192912211696  492.45888271815994  
-16.252156476946602  0.15061180594427875  0.5965935685077316  225.52647520306158  35.461516571219775  86.88499852972087  312.17437680940435  0.03033296385695955  492.45888271815994  
-16.252156476946602  0.15061180594427875  0.5986318695784045  225.2013423366776  35.05531891968336  89.04445532785883  312.17437680940435  0.03033296385695955  492.3265163712388  
-16.252156476946602  0.15054435929509585  0.5986318695784045  225.2013423366776  35.06105325609221  89.04445532785883  288.9376119550218  0.030341057620120508  492.0688871178988  
-16.25493971875465  0.1505411606566021  0.5986318695784045  225.2013423366776  35.50355803468535  89.04445532785883  336.5724817272651  0.034575208567395856  492.0688871178988  
-16.257649811317116  0.1505411606566021  0.5986318695784045  225.2013423366776  35.50355803468535  89.04445532785883  308.7332626517571  0.034575208567395856  492.0688871178988  
-16.25466129140059  0.15052078901830288  0.5986318695784045  225.00877045862094  35.50355803468535  89.04445532785883  308.7332626517571  0.032115672987806244  492.23512007395595  
-16.25466129140059  0.15052078901830288  0.5986318695784045  225.00877045862094  35.54013007076785  89.04445532785883  250.86485055011423  0.029446685214748913  492.23512007395595  
-16.261248784809283  0.15052078901830288  0.5986318695784045  225.00877045862094  35.54013007076785  89.04445532785883  250.86485055011423  0.030931046845985136  492.1340429248628  
-16.252105088287184  0.15052078901830288  0.5986318695784045  225.00877045862094  35.27832516776635  89.04445532785883  434.8711051677767  0.031658528710893565  492.1340429248628  
-16.25276940909297  0.15052078901830288  0.5986318695784045  225.00877045862094  35.28073430251551  87.9418210635582  434.8711051677767  0.0351626973237697  491.7157404375343  
-16.25165526194608  0.15052078901830288  0.5986318695784045  225.00877045862094  35.28073430251551  90.74851084740177  434.8711051677767  0.0351626973237697  491.5079866896953  
-16.25165526194608  0.15056681642925637  0.5986318695784045  224.07599002222543  35.28073430251551  90.74851084740177  434.8711051677767  0.0351626973237697  491.0344550662517  
-16.25165526194608  0.14995225926679592  0.5986318695784045  224.07599002222543  35.28073430251551  85.26240395841647  434.8711051677767  0.037785711400777494  491.0344550662517  
-16.25165526194608  0.14995225926679592  0.5994082995058502  224.07599002222543  34.66263936133054  85.26240395841647  