-16.236363454662335  0.1506517385574861  0.5963  223.57  34.9267  78.15157187366232  213.5363937747206  0.02995  492.5453257079093  
-16.236363454662335  0.1506517385574861  0.5963452165073764  223.92406722376177  34.39078175556686  74.12159219476153  213.5363937747206  0.029269285890653488  492.5453257079093  
-16.23248490036347  0.1506517385574861  0.5963452654123491  223.92406722376177  34.39078175556686  74.12159219476153  320.5210302001211  0.029390651488080004  493.05121073673797  
-16.236474939021857  0.15094651606193815  0.5963452654123491  224.22230731240566  34.39078175556686  73.87150827989794  377.57163104284274  0.029390651488080004  493.05121073673797  
-16.24331446932564  0.15151938633340667  0.5908405832878989  224.22230731240566  34.39078175556686  73.87150827989794  344.4145097181761  0.029195288264737024  492.84696241613375  
-16.24331446932564  0.15151938633340667  0.5908405832878989  224.50411432330714  34.39078175556686  73.87150827989794  344.4145097181761  0.029195288264737024  492.84696241613375  
-16.24331446932564  0.15151938633340667  0.5908405832878989  224.50411432330714  34.21460485698393  73.87150827989794  344.4145097181761  0.027700128407799327  492.84696241613375  
-16.253039967775404  0.15151938633340667  0.5930068857498068  224.50411432330714  34.21460485698393  73.87150827989794  344.4145097181761  0.030506260909644298  491.9544435209447  
-16.254237958755308  0.15118062788153988  0.592088770315171  224.50411432330714  34.48448841739875  74.67101466783505  344.4145097181761  0.030506260909644298  491.9544435209447  
-16.258729728200105  0.15158965863483356  0.5921071043636505  224.50411432330714  34.48448841739875  74.67101466783505  266.1018563844631  0.030506260909644298  492.42887288950806  
-16.257422824622445  0.15158965863483356  0.5921071043636505  225.63726113399758  34.48448841739875  74.67101466783505  266.1018563844631  0.030506260909644298  492.42887288950806  
-16.257422824622445  0.1512807836936266  0.5921071043636505  225.63726113399758  34.48448841739875  74.67101466783505  398.81666713864774  0.030506260909644298  492.42887288950806  
-16.257422824622445  0.15105706203803013  0.5913648869358523  225.63726113399758  34.48448841739875  74.67101466783505  398.81666713864774  0.030231713345129266  492.2692268330579  
-16.257422824622445  0.15068105641912713  0.5928655162698849  225.20632760986865  34.48448841739875  75.05313734553346  398.81666713864774  0.030231713345129266  492.2692268330579  
-16.253336420792927  0.15068105641912713  0.5928655162698849  225.20632760986865  34.48448841739875  75.05313734553346  398.81666713864774  0.030231713345129266  492.2276353469037  
-16.256526279936303  0.15068105641912713  0.5956157385345963  225.20632760986865  34.30300290140067  75.41496332754687  426.65715230243615  0.03118437450004539  492.1591232300956  
-16.255632514318368  0.15113348372811425  0.5913572610659937  225.20632760986865  34.29888308438066  75.41496332754687  396.03270464885316  0.03118437450004539  492.1591232300956  
-16.255632514318368  0.15113348372811425  0.5913572610659937  225.20632760986865  34.29888308438066  75.4010185925578  371.6566251643436  0.03126676513740599  492.1591232300956  
-16.244867418424203  0.1506426055143595  0.5913572610659937  225.20632760986865  34.29888308438066  72.31729755326522  371.6566251643436  0.032766566333262234  492.25018295266733  
-16.245568186454847  0.1506426055143595  0.5934852769640929  225.20632760986865  34.29888308438066  72.31729755326522  197.18867992636248  0.0321001944983245  492.25018295266733  
-16.249457991686853  0.1506426055143595  0.5964903773156787  225.20632760986865  34.29888308438066  72.31729755326522  328.0184947377344  0.0321001944983245  492.647737020177  
-16.24742504544331  0.1506426055143595  0.5968276175115623  225.20632760986865  34.29888308438066  72.31729755326522  328.0184947377344  0.03057424829416478  492.6689549932619  
-16.24742504544331  0.1506426055143595  0.5968276175115623  225.20632760986865  34.20827760868276  72.31729755326522  328.0184947377344  0.03057424829416478  492.6689549932619  
-16.249147518093174  0.1512068620655614  0.5968276175115623  224.9454468188459  33.96474150709451  72.31729755326522  328.0184947377344  0.03057424829416478  492.82564425573537  
-16.249147518093174  0.15099209899620417  0.5968276175115623  224.9454468188459  33.96474150709451  72.31729755326522  328.0184947377344  0.03057424829416478  492.8993955807242  
-16.249147518093174  0.15099209899620417  0.5968276175115623  224.9454468188459  33.96474150709451  72.31729755326522  328.0184947377344  0.027825281467368238  492.78262060234914  
-16.249147518093174  0.15078266733521534  0.5968276175115623  225.19978321921565  33.96474150709451  72.45129133572222  317.2323549288757  0.027825281467368238  492.78262060234914  
-16.249621423829968  0.15078266733521534  0.5968276175115623  224.90301403750408  33.96474150709451  70.31530735173901  377.2945830632716  0.027410455501549063  492.9705499292985  
-16.249621423829968  0.15078266733521534  0.5968276175115623  224.90301403750408  33.96474150709451  70.31530735173901  377.2945830632716  0.030007748316478625  492.8949015822645  
-16.249621423829968  0.15088548141443084  0.6006606156111843  224.90301403750408  33.92632652216515  70.31530735173901  377.2945830632716  0.030007748316478625  493.078690141844  
-16.249621423829968  0.15088548141443084  0.6006606156111843  224.90301403750408  33.91675443361032  71.80708598455706  463.75086047694157  0.030007748316478625  493.078690141844  
-16.248620942202127  0.15088548141443084  0.5997774220435063  224.90301403750408  33.91675443361032  69.6290643858476  463.75086047694157  0.030007748316478625  493.14692194806383  
-16.248620942202127  0.15088548141443084  0.5965522600937206  224.90301403750408  33.91675443361032  69.6290643858476  463.75086047694157  0.024805395992413916  493.10949864367  
-16.25894955913294  0.15088548141443084  0.5986135921105759  224.90301403750408  33.91675443361032  69.6290643858476  333.2714879827331  0.02560304447946871  493.10949864367  
-16.25749469277322  0.15096670752640307  0.5986135921105759  224.90301403750408  33.91675443361032  69.6290643858476  382.17239537808575  0.02560304447946871  493.10949864367  
-16.25749469277322  0.15123527571626122  0.5925824866286578  224.90301403750408  33.874724366311646  69.6290643858476  382.17239537808575  0.02536725387766371  493.17808745076957  
-16.253482542040796  0.15123527571626122  0.5925824866286578  224.90301403750408  33.874724366311646  69.66482166371817  382.17239537808575  0.02599852315849148  493.17808745076957  
-16.253482542040796  0.15123527571626122  0.5925824866286578  225.7360806531357  33.831573875315726  69.66482166371817  382.17239537808575  0.027502125325805156  493.1385885702536  
-16.253457839810427  0.15123527571626122  0.5924087129449916  225.7360806531357  34.07937005359919  68.58598786065754  382.17239537808575  0.027881190039414975  493.1385885702536  
-16.25707252318386  0.15123527571626122  0.594371044095236  225.7360806531357  34.07937005359919  68.58598786065754  382.17239537808575  0.02813292318067761  493.1385885702536  
-16.25707252318386  0.15123527571626122  0.594371044095236  225.7360806531357  34.07937005359919  73.21633594543322  382.17239537808575  0.027693812872952143  493.1385885702536  
-16.24825291614172  0.15107832287074557  0.594371044095236  225.25955526057146  34.05347484442868  73.21633594543322  445.89140361240345  0.027210773724374245  493.1385885702536  
-16.24825291614172  0.15107832287074557  0.594371044095236  225.25955526057146  34.05347484442868  73.21633594543322  363.5002193686962  0.026967970963490004  493.1385885702536  
-16.247330183971805  0.15107832287074557  0.594371044095236  225.60862063834412  34.05347484442868  76.4102420869722  492.7642906850022  0.02598980773784409  493.1385885702536  
-16.254127361992417  0.15107832287074557  0.594371044095236  226.5160413590591  34.22060393821218  76.4102420869722  492.7642906850022  0.02598980773784409  493.1385885702536  
-16.264029382416965  0.15107832287074557  0.5945216449750688  227.0875045312085  34.22060393821218  76.4102420869722  444.34767709418946  0.02619934861303207  493.1385885702536  
-16.264029382416965  0.15107832287074557  0.5959632583085729  227.0875045312085  34.22060393821218  78.37957926288077  430.29419848763325  0.02619934861303207  493.3612011471331  
-16.264029382416965  0.15107832287074557  0.5984406725760748  227.0875045312085  34.214763540332775  78.37957926288077  439.20292147228656  0.02619934861303207  493.3612011471331  
-16.264029382416965  0.15130460138646998  0.5984406725760748  227.2929674717901  34.38892754164558  78.37957926288077  439.20292147228656  0.02619934861303207  493.3612011471331  
-16.273441760508497  0.15130460138646998  0.6012719324659794  227.2929674717901  34.38892754164558  78.0581018918218  439.20292147228656  0.025420101702190265  493.3612011471331  
-16.273441760508497  0.15130460138646998  0.6012719324659794  227.2929674717901  34.38892754164558  78.0581018918218  439.20292147228656  0.025420101702190265  493.3612011471331  
-16.270740468840884  0.15116666968495715  0.604634377748992  227.48843267738664  34.38892754164558  78.0581018918218  439.20292147228656  0.025420101702190265  493.3612011471331  
-16.27299595970331  0.15116666968495715  0.6023341117580385  227.48843267738664  34.38892754164558  78.0581018918218  439.20292147228656  0.026920373469146483  493.3776337261375  
-16.27299595970331  0.15116666968495715  0.6033951655186226  227.48843267738664  34.38892754164558  78.0581018918218  439.20292147228656  0.026920373469146483  493.3776337261375  
-16.27299595970331  0.1511710286253179  0.6008662759642861  227.48843267738664  34.38892754164558  78.0581018918218  499.3928981796588  0.026920373469146483  493.44794247494116  
-16.27299595970331  0.1511710286253179  0.6061884957258721  228.3737579038726  33.987884468212336  78.12051864778464  499.3928981796588  0.026398762731834315  493.4779646675477  
-16.27299595970331  0.15116638592928733  0.6041337106498416  228.3737579038726  33.987884468212336  78.12051864778464  499.3928981796588  0.02850088542375723  493.4041504649353  
-16.27299595970331  0.15116638592928733  0.6041337106498416  228.03957432239537  33.987884468212336  78.12051864778464  509.47038703206016  0.027861944341691217  493.5435977912381  
-16.267807149204035  0.15098154756338536  0.6096223773687133  228.03957432239537  34.020258644901716  78.12051864778464  509.47038703206016  0.027861944341691217  493.5435977912381  
-16.267807149204035  0.15153860821030798  0.603330758170678  227.49074037899706  34.02059939168977  78.12051864778464  509.47038703206016  0.029240571198324287  493.56480227318315  
-16.263716535726047  0.15151309440749575  0.6013216134295197  228.1586361787877  34.02059939168977  78.12051864778464  509.47038703206016  0.028729539675045192  494.07124632479037  
-16.263716535726047  0.15174392705220088  0.6013216134295197  227.9166797041009  34.02059939168977  74.81733847883162  434.393240945786  0.02859579188436212  494.1031017207648  
-16.263716535726047  0.15174392705220088  0.6031914806030404  227.9166797041009  34.03962914048257  76.0610213850401  434.393240945786  0.029450771507566087  494.1031017207648  
-16.263716535726047  0.15174392705220088  0.5993913378751199  228.5029051431692  34.03962914048257  76.0610213850401  427.055416049011  0.03129529089760802  494.1031017207648  
-16.26887809136528  0.15167859098177428  0.599571368116937  228.5029051431692  34.03962914048257  73.63077071075442  427.055416049011  0.02925113948148043  494.1031017207648  
-16.265771693294838  0.15167859098177428  0.5973304766902673  228.24718257201175  34.03962914048257  73.63077071075442  469.2369272611322  0.03007675627964288  494.1031017207648  
-16.260837183411994  0.15167859098177428  0.595091486295037  228.24718257201175  34.03962914048257  74.73224357187136  499.8865536709434  0.03007675627964288  494.1031017207648  
-16.260837183411994  0.15167859098177428  0.5930501296139693  228.24718257201175  34.03962914048257  74.73224357187136  499.8865536709434  0.02970499001489138  494.1031017207648  
-16.260837183411994  0.151815949477843  0.5996197730963616  228.24718257201175  33.66122393642432  74.73224357187136  499.8865536709434  0.029175279249910667  494.1031017207648  
-16.259624577920594  0.151815949477843  0.5989307050635359  228.24718257201175  33.66122393642432  74.73224357187136  499.8865536709434  0.029153216157246992  494.1031017207648  
-16.257875578152113  0.151815949477843  0.5989307050635359  228.24718257201175  33.66122393642432  72.65773837762443  499.8865536709434  0.03416808939337082  494.1031017207648  
-16.25632363689818  0.151815949477843  0.5989307050635359  228.24718257201175  33.66122393642432  69.35400986723923  409.25188670019844  0.03416808939337082  494.1031017207648  
-16.263195085787384  0.15195447803951073  0.5989307050635359  228.24718257201175  33.66122393642432  71.51242897414079  409.25188670019844  0.03416808939337082  494.1031017207648  
-16.263195085787384  0.15195447803951073  0.597767139918066  228.6123011422978  33.66122393642432  71.51242897414079  421.5778164215852  0.035014616510836684  494.1031017207648  
-16.263195085787384  0.15181446305611268  0.6003678587590474  228.6123011422978  33.66122393642432  71.51242897414079  421.5778164215852  0.03419358624663892  494.1031017207648  
-16.266150728053507  0.1517188353991862  0.5991349590736565  228.6123011422978  33.806486323400186  73.18396535181634  421.5778164215852  0.03399946340737173  494.1031017207648  
-16.26700418135766  0.15169170780444347  0.5991349590736565  229.19212599927954  33.806486323400186  73.18396535181634  421.5778164215852  0.034384420094508844  494.1031017207648  
-16.26700418135766  0.15172832164118322  0.5991349590736565  229.1725555172493  33.806486323400186  73.18396535181634  421.5778164215852  0.034384420094508844  494.1031017207648  
-16.26700418135766  0.15172832164118322  0.5991349590736565  229.1725555172493  33.93186020059136  73.18396535181634  450.53126362056327  0.03245514687812594  494.1031017207648  
-16.26700418135766  0.15164435942568158  0.5991349590736565  229.1725555172493  33.720957815696266  73.18396535181634  440.60062261519363  0.031042606301582426  494.1031017207648  
-16.263638014287263  0.1514357967541514  0.5991349590736565  229.1725555172493  33.720957815696266  73.18396535181634  440.60062261519363  0.031042606301582426  494.1031017207648  
-16.263638014287263  0.1514357967541514  0.595990471214369  229.1725555172493  34.0518150822964  72.19129179564972  464.8239506856888  0.032078038304026675  494.1031017207648  
-16.263638014287263  0.1514357967541514  0.595990471214369  229.1725555172493  34.0518150822964  74.99917655051878  464.8239506856888  0.03241366907157816  494.1031017207648  
-16.263638014287263  0.15139375239523054  0.595990471214369  229.1725555172493  34.0518150822964  76.1128771098984  550.1500673251073  0.03241366907157816  494.1031017207648  
-16.254483798405296  0.15109001905513542  0.595990471214369  229.08742809832364  34.0518150822964  74.70288088210431  550.1500673251073  0.03181149142536416  494.1031017207648  
-16.254483798405296  0.15109001905513542  0.595990471214369  229.08742809832364  33.811852583574726  74.70288088210431  494.02911133362693  0.029991538912910468  494.1031017207648  
-16.254483798405296  0.15107827435191903  0.595990471214369  229.08742809832364  33.811852583574726  71.82131004715106  494.02911133362693  0.029991538912910468  494.1031017207648  
-16.254483798405296  0.15107827435191903  0.592251413075224  230.0158441556441  33.811852583574726  71.83955848191991  494.02911133362693  0.029991538912910468  494.1031017207648  
-16.254483798405296  0.15107827435191903  0.5890157902933928  230.0158441556441  33.811852583574726  71.97047148915246  372.771914608202  0.029991538912910468  494.1031017207648  
-16.25522169312801  0.15127796163586452  0.5890157902933928  230.0158441556441  34.119795476286164  71.97047148915246  372.771914608202  0.029991538912910468  494.21158808578014  
-16.25522169312801  0.15120759765600128  0.5890157902933928  230.0158441556441  34.119795476286164  71.97047148915246  452.4721402805286  0.029700855757151305  494.46311565216257  
-16.25654160449198  0.1514742751901176  0.5919153828683548  229.60967807932363  33.9291052542292  71.97047148915246  452.4721402805286  0.029700855757151305  494.46311565216257  
-16.25654160449198  0.1514742751901176  0.5928962556661054  229.60967807932363  33.9291052542292  71.97047148915246  452.4721402805286  0.029700855757151305  494.65358609591215  
-16.25761915862705  0.1514742751901176  0.5928962556661054  229.60967807932363  33.9291052542292  71.97047148915246  450.32628533592015  0.027317508189140645  494.65358609591215  
-16.25990808782693  0.15109634469171765  0.5921872235641388  229.59331717444064  33.9291052542292  71.97047148915246  450.32628533592015  0.027019579010170047  494.72025414659043  
-16.25990808782693  0.15191861480227387  0.587459156891187  229.59331717444064  34.27920647122462  70.17393783639142  378.1641189683839  0.027310696615195647  494.72025414659043  
-16.25990808782693  0.15191861480227387  0.587459156891187  229.59331717444064  34.27920647122462  74.76138773871934  521.7621146253832  0.026455926773100307  494.72025414659043  
-16.259930191671362  0.15191861480227387  0.587459156891187  229.3772750522704  34.05038591560627  74.76138773871934  521.7621146253832  0.02581667621010187  494.55416981571597  
-16.259930191671362  0.15191861480227387  0.587459156891187  229.3772750522704  34.22291575331487  80.02242854503314  521.7621146253832  0.023971338140248932  494.55416981571597  
-16.267392208874366  0.15191861480227387  0.5911566224451765  229.3772750522704  34.22291575331487  80.02242854503314  421.25741035376063  0.023971338140248932  494.55416981571597  
-16.267392208874366  0.15191861480227387  0.59147560215873  228.56753534946247  34.22291575331487  80.02242854503314  421.25741035376063  0.023790938536553324  494.55416981571597  
-16.263697838439622  0.15191861480227387  0.59147560215873  229.40497442700885  34.30225502328678  80.02242854503314  421.25741035376063  0.02558112075790914  494.7290854317502  
-16.264061169533353  0.15191861480227387  0.5906688212861169  229.40497442700885  34.30225502328678  75.1981087426224  421.25741035376063  0.029362722404245013  494.4996693030935  
-16.264061169533353  0.15191861480227387  0.5906688212861169  229.40497442700885  34.30225502328678  74.03730661464043  436.48283108978086  0.029362722404245013  494.76237326253636  
-16.264061169533353  0.15191861480227387  0.5933829088785676  229.503340648843  34.30225502328678  73.99439914529252  436.48283108978086  0.029418245913735933  494.73258764298987  
-16.264061169533353  0.15191861480227387  0.5933829088785676  229.503340648843  34.30225502328678  73.99439914529252  457.3755248793874  0.029418245913735933  494.73258764298987  
-16.260895532968185  0.15191861480227387  0.5933829088785676  229.503340648843  34.30225502328678  73.99439914529252  388.38882302161653  0.029418245913735933  494.9704715233972  
-16.260895532968185  0.15191861480227387  0.594673347409309  229.503340648843  34.30225502328678  73.99439914529252  421.5835619154898  0.029418245913735933  494.9704715233972  
-16.260895532968185  0.15191861480227387  0.594673347409309  229.503340648843  34.066796069814934  75.58664958755679  421.5835619154898  0.029418245913735933  494.9704715233972  
-16.260895532968185  0.15216180538907237  0.594673347409309  229.503340648843  33.74132706756744  75.58664958755679  421.5835619154898  0.029418245913735933  494.9704715233972  
-16.256415607307382  0.15216180538907237  0.5958716040531861  228.80833858730358  34.16305542153397  74.72269573459248  421.5835619154898  0.02949995324801745  494.9704715233972  
-16.256415607307382  0.15216180538907237  0.5958716040531861  228.80833858730358  34.16305542153397  74.33238907728969  421.5835619154898  0.03029433676991574  494.9704715233972  
-16.256415607307382  0.15216180538907237  0.5958716040531861  228.80833858730358  34.00027926050233  74.33238907728969  421.5835619154898  0.03029433676991574  494.9704715233972  
-16.256415607307382  0.15216180538907237  0.5958716040531861  228.80833858730358  34.00027926050233  74.33238907728969  473.96086360628476  0.028614762760440914  494.9704715233972  
-16.256415607307382  0.15227276543598467  0.5924688331876832  228.7608943495071  34.00027926050233  73.31423432181322  483.8799234042013  0.028495297148830926  494.9704715233972  
-16.256415607307382  0.15227276543598467  0.593771586451322  228.7608943495071  34.00027926050233  76.22202240961039  483.8799234042013  0.028766042997409494  494.9704715233972  
-16.256415607307382  0.15227276543598467  0.593771586451322  228.7608943495071  34.00027926050233  76.22202240961039  483.8799234042013  0.02805027603589461  494.9704715233972  
-16.256415607307382  0.15227276543598467  0.593771586451322  228.7608943495071  33.937648269480185  75.73553668360415  483.8799234042013  0.025853334061160006  494.9704715233972  
-16.263987077702893  0.15227276543598467  0.5946997638903226  228.3534647727324  34.477712853604956  78.279559535492  483.8799234042013  0.025853334061160006  495.1740435271199  
-16.263987077702893  0.15227276543598467  0.5946997638903226  228.3534647727324  34.477712853604956  78.279559535492  457.9384163005166  0.025853334061160006  495.0780667862551  
-16.263987077702893  0.15227276543598467  0.5938666242411984  229.14741394313023  34.477712853604956  78.279559535492  457.9384163005166  0.025853334061160006  495.0780667862551  
-16.263987077702893  0.15227276543598467  0.5938666242411984  229.14741394313023  34.477712853604956  77.7838246030771  457.9384163005166  0.025853334061160006  495.0780667862551  
-16.263987077702893  0.15195266381741754  0.5953077746372372  229.14741394313023  34.477712853604956  77.7838246030771  487.33514122188507  0.025101065962578367  495.3754943180985  
-16.263987077702893  0.15195266381741754  0.5959788906687912  229.14741394313023  34.477712853604956  77.7838246030771  441.9756861290185  0.025101065962578367  495.2815626497092  
-16.263987077702893  0.15200020374104903  0.5967091031697934  229.14741394313023  34.477712853604956  79.34127525588433  418.51902905927125  0.025101065962578367  495.2815626497092  
-16.260400270692667  0.15200020374104903  0.5967091031697934  229.17630658629503  34.477712853604956  79.34127525588433  388.6765065094769  0.02536252356679601  495.2815626497092  
-16.260400270692667  0.15200020374104903  0.5963118613861235  229.06185712794024  34.477712853604956  79.34127525588433  388.6765065094769  0.025675987700722245  495.2815626497092  
-16.260400270692667  0.15200020374104903  0.5963118613861235  229.66822219720325  34.477712853604956  79.83292935509637  388.6765065094769  0.0254837223510372  495.2815626497092  
-16.260400270692667  0.15200020374104903  0.5936220430187393  229.19757497438226  34.477712853604956  79.83292935509637  500.8934430234366  0.0254837223510372  495.2815626497092  
-16.260400270692667  0.15200020374104903  0.5936220430187393  229.19757497438226  34.477712853604956  79.83292935509637  500.8934430234366  0.025161068210925012  495.3376441983359  
-16.258024751987143  0.15175412983958125  0.5971560142402915  229.19757497438226  34.477712853604956  79.83292935509637  500.8934430234366  0.022716902830803694  495.6153247674316  
-16.258024751987143  0.15175412983958125  0.5967944279161337  229.10859511252343  34.477712853604956  79.83292935509637  500.8934430234366  0.020308735596706626  495.6153247674316  
-16.26001654077654  0.15175983189202177  0.5967944279161337  229.15045866642623  34.477712853604956  79.83292935509637  393.99561834947406  0.020308735596706626  495.6153247674316  
-16.26001654077654  0.15197034371162155  0.595015191904394  229.15045866642623  34.746561918855505  79.83292935509637  393.99561834947406  0.022180366721007136  495.6153247674316  
-16.27039658205233  0.15197034371162155  0.5960067439304673  229.15045866642623  34.746561918855505  81.77513186866597  393.99561834947406  0.022180366721007136  495.6153247674316  
-16.27039658205233  0.15210529245519114  0.5960067439304673  229.15045866642623  34.746561918855505  81.77513186866597  393.99561834947406  0.022180366721007136  495.551477792341  
-16.257411524437238  0.15210529245519114  0.5867918563289397  229.15045866642623  34.746561918855505  