-16.232  0.15069  0.5949102851054029  223.57  34.90295055241504  80.88048204812794  360.4976573863177  0.02995  492.555  
-16.232  0.15069  0.5938799791092959  223.57  34.51650823795431  76.02143631411042  320.2422809876784  0.02995  492.555  
-16.232  0.15069  0.5938799791092959  223.57  34.19312413216148  72.30151983448073  320.2422809876784  0.02927256248193948  492.555  
-16.232  0.15069  0.5938799791092959  223.57  34.19312413216148  72.30151983448073  346.6002324265573  0.02965951510992856  492.555  
-16.232  0.15069  0.5931058997812805  223.57  34.19312413216148  73.875747820988  346.6002324265573  0.02965951510992856  492.62835846737215  
-16.232  0.15069  0.5931058997812805  223.57  34.397618149050835  78.1674803318852  346.6002324265573  0.02965951510992856  491.9742169926093  
-16.232  0.15079131074838306  0.5931058997812805  223.57  34.1720388248503  78.1674803318852  346.6002324265573  0.03088972590498259  491.9742169926093  
-16.232  0.15079131074838306  0.5945439459564016  222.67519297413705  34.1720388248503  77.10515090859471  346.6002324265573  0.03088972590498259  491.73230798382315  
-16.237499520834778  0.15079131074838306  0.5951852651401932  222.67519297413705  34.40291280326888  77.10515090859471  346.6002324265573  0.03360108624733306  491.73354399654113  
-16.233053584837375  0.15079131074838306  0.5950101987785772  222.67519297413705  34.44234088006896  77.10515090859471  334.1369026734591  0.03360108624733306  491.73354399654113  
-16.23756500371726  0.15079131074838306  0.5950101987785772  222.67519297413705  34.44234088006896  77.10515090859471  334.1369026734591  0.031170325218491807  492.0611515250913  
-16.23756500371726  0.1507044325490207  0.5962535205945828  222.67519297413705  34.44234088006896  75.0727356482521  334.1369026734591  0.0311231970981327  492.0611515250913  
-16.23756500371726  0.1507044325490207  0.5962535205945828  222.67519297413705  34.25316369707243  75.0727356482521  402.93382689362073  0.03051249355461503  491.7325894254195  
-16.23756500371726  0.1507044325490207  0.5963458087761032  222.67519297413705  34.25316369707243  75.0727356482521  402.93382689362073  0.03085024106840273  491.7325894254195  
-16.23964110270452  0.1507044325490207  0.5963458087761032  222.67519297413705  34.25316369707243  76.12513895156755  402.93382689362073  0.03152268229667518  491.7325894254195  
-16.23964110270452  0.1507044325490207  0.5963458087761032  223.15931883466536  34.25316369707243  76.89775734227472  402.93382689362073  0.034218195356079326  491.2914290534852  
-16.23964110270452  0.1507044325490207  0.5963458087761032  223.15931883466536  34.25316369707243  76.5997256922268  402.93382689362073  0.034218195356079326  491.1861001289608  
-16.239797871960032  0.15089997175126982  0.5963458087761032  223.15931883466536  34.25316369707243  76.5997256922268  402.93382689362073  0.035136088176208675  491.1861001289608  
-16.25057893069006  0.15089997175126982  0.5963458087761032  223.15931883466536  34.25316369707243  76.5997256922268  402.93382689362073  0.0350355716845631  491.3315683895199  
-16.25057893069006  0.15089997175126982  0.597980382763576  223.15931883466536  34.25316369707243  77.17506380539555  402.93382689362073  0.03576341150557077  491.3315683895199  
-16.25300697136204  0.15089997175126982  0.5984348737964496  223.15931883466536  34.25316369707243  77.17506380539555  402.93382689362073  0.031929915889748445  491.47477551016425  
-16.25368082236172  0.15099382171667527  0.5984348737964496  223.33500459811594  34.380548338044946  77.17506380539555  454.8816197784012  0.031929915889748445  491.47477551016425  
-16.25368082236172  0.15060583899635197  0.5984348737964496  223.33500459811594  34.380548338044946  77.17506380539555  454.8816197784012  0.031929915889748445  491.47477551016425  
-16.251017384458777  0.15060583899635197  0.5984348737964496  222.47055258330542  34.380548338044946  77.17506380539555  379.614013539924  0.031929915889748445  491.47477551016425  
-16.250189289201092  0.15060583899635197  0.5984348737964496  222.47055258330542  34.380548338044946  78.79039567524231  379.614013539924  0.03028055777380569  491.47477551016425  
-16.237707099236157  0.15034426803692322  0.5986536038245975  222.47055258330542  34.243522072756605  78.79039567524231  379.614013539924  0.0328169734408168  491.47477551016425  
-16.238172597225205  0.1504614902985286  0.5986536038245975  222.47055258330542  34.243522072756605  76.65733850757327  379.614013539924  0.034501713373392154  491.2966274968436  
-16.23273786873984  0.15063595120693407  0.59723825368391  222.47055258330542  34.243522072756605  74.0765965752848  268.11541250423346  0.034501713373392154  491.2966274968436  
-16.242247601541813  0.15064167606147852  0.59723825368391  223.70752349883978  33.79582792540812  69.12041874901423  325.1565352999139  0.03601160008527572  491.2966274968436  
-16.242950248179874  0.15064167606147852  0.59723825368391  223.70752349883978  33.79582792540812  69.12041874901423  325.1565352999139  0.03601160008527572  491.2966274968436  
-16.242950248179874  0.15064167606147852  0.59723825368391  223.70752349883978  33.79582792540812  69.12041874901423  273.70071695430823  0.03601160008527572  491.2966274968436  
-16.242950248179874  0.15064167606147852  0.59723825368391  223.70752349883978  33.80060452800105  69.12041874901423  273.70071695430823  0.036333656694211715  491.2966274968436  
-16.236745127924134  0.15064167606147852  0.59723825368391  223.14191044208926  33.80060452800105  69.12041874901423  273.70071695430823  0.036172816800317795  491.54226480145996  
-16.234044946503484  0.15064167606147852  0.59723825368391  223.14191044208926  33.80060452800105  69.12041874901423  273.70071695430823  0.036172816800317795  491.54226480145996  
-16.234044946503484  0.15064167606147852  0.59723825368391  223.32977291909955  33.80060452800105  69.12041874901423  273.70071695430823  0.03651674594965627  491.54226480145996  
-16.234044946503484  0.15064167606147852  0.59723825368391  223.41228378891518  33.80060452800105  72.64043456760928  273.70071695430823  0.03651674594965627  491.54226480145996  
-16.234044946503484  0.15064167606147852  0.59723825368391  223.41228378891518  33.80060452800105  72.64043456760928  292.9933368784824  0.03651674594965627  491.54226480145996  
-16.234044946503484  0.15074045200840447  0.59723825368391  223.42479181444844  33.80060452800105  72.64043456760928  449.9244245502148  0.03708764083030018  491.4343848212578  
-16.234044946503484  0.15074045200840447  0.59723825368391  223.42479181444844  33.41070595411016  70.75532999058609  449.9244245502148  0.03708764083030018  491.4343848212578  
-16.24043478451845  0.15112717145083077  0.59723825368391  223.18220415076024  33.41070595411016  70.75532999058609  449.9244245502148  0.03708764083030018  491.22205621154575  
-16.24043478451845  0.15112717145083077  0.59723825368391  223.18220415076024  33.41070595411016  70.75532999058609  449.9244245502148  0.03708764083030018  491.22205621154575  
-16.24043478451845  0.15123078202871848  0.59723825368391  223.18220415076024  33.41070595411016  71.98295996117118  441.8934362055529  0.036927750899166126  491.22205621154575  
-16.244839229042952  0.15123078202871848  0.59723825368391  223.18220415076024  33.41070595411016  66.49067825259824  441.8934362055529  0.036927750899166126  491.22205621154575  
-16.244839229042952  0.1512542021909754  0.59723825368391  223.18220415076024  33.3695331221044  69.55544836284689  473.4488501156731  0.036927750899166126  491.22205621154575  
-16.241728877676987  0.15111293320956756  0.59723825368391  223.18220415076024  33.3695331221044  69.55544836284689  453.9608179786267  0.036927750899166126  491.22205621154575  
-16.24025816287876  0.15111293320956756  0.59723825368391  223.18220415076024  33.3695331221044  69.55544836284689  453.9608179786267  0.036927750899166126  491.22205621154575  
-16.2464986535309  0.15168550969442482  0.59723825368391  223.18220415076024  33.3695331221044  70.39454295905425  453.9608179786267  0.03856178262586563  491.22205621154575  
-16.24310536782067  0.1517874544222217  0.5966908768183378  222.6261815271499  33.3695331221044  72.03926434365727  452.0891698187911  0.03787294733796632  491.22205621154575  
-16.24310536782067  0.1517874544222217  0.5975314045113942  222.9671346056964  33.3695331221044  68.96040697255658  452.0891698187911  0.03787294733796632  491.7091824195659  
-16.238559093580534  0.1517874544222217  0.5975314045113942  222.9671346056964  33.3695331221044  67.46257683644768  428.0337145231913  0.03787294733796632  491.7091824195659  
-16.238559093580534  0.1517106455062334  0.5956550270659132  222.9671346056964  33.44085540271331  67.46257683644768  384.22565089452553  0.03650103451738775  491.7091824195659  
-16.238559093580534  0.1517648394602317  0.5956550270659132  222.9671346056964  33.44085540271331  67.46257683644768  384.22565089452553  0.03480246534739616  492.3621449879033  
-16.238559093580534  0.1517648394602317  0.5987055687734674  222.9671346056964  33.44085540271331  67.46257683644768  384.22565089452553  0.03480246534739616  492.3621449879033  
-16.238559093580534  0.1517648394602317  0.5987055687734674  223.14300522182597  33.44085540271331  68.9848511024454  384.22565089452553  0.03480246534739616  492.3621449879033  
-16.238559093580534  0.15182557523303708  0.5987055687734674  223.14300522182597  33.44085540271331  68.9848511024454  384.22565089452553  0.03480246534739616  492.3621449879033  
-16.24224612839395  0.15209408563313132  0.5987055687734674  223.14300522182597  33.44085540271331  68.9848511024454  533.365698232357  0.034587580421794176  492.3621449879033  
-16.24224612839395  0.15213114905793682  0.5987055687734674  223.14300522182597  33.44085540271331  68.9848511024454  533.365698232357  0.034587580421794176  492.3621449879033  
-16.24224612839395  0.15213114905793682  0.5987055687734674  223.14300522182597  33.44085540271331  70.29199672244096  371.19278294927796  0.03261455801063872  492.41373695049776  
-16.24224612839395  0.15213114905793682  0.5973084002762383  223.14300522182597  33.44085540271331  69.3797035431611  371.19278294927796  0.03261455801063872  492.41373695049776  
-16.242452757362752  0.15202738417564401  0.5971541102067375  223.14300522182597  33.44085540271331  66.88497281241015  366.80653632466874  0.03261455801063872  492.41373695049776  
-16.23949745871777  0.15202738417564401  0.5971541102067375  223.14300522182597  33.128711995313544  64.42715361452406  370.74444356430075  0.03349402780984968  492.43127526544623  
-16.23949745871777  0.15202738417564401  0.5971541102067375  223.14300522182597  33.24322565098062  64.42715361452406  370.74444356430075  0.03349402780984968  492.39353053750045  
-16.241558247941356  0.15228567484922662  0.5905851149143121  224.649167945991  33.24322565098062  64.68964519340874  462.0357032154601  0.03352690061287797  492.77611515405664  
-16.23625038082239  0.15228567484922662  0.5905851149143121  224.1467095139625  33.24322565098062  64.68964519340874  462.0357032154601  0.03352690061287797  492.81272628907254  
-16.23625038082239  0.15228567484922662  0.5905851149143121  223.6730040035926  33.24322565098062  61.1674157801881  422.1340392336863  0.03352690061287797  492.43052928417467  
-16.23625038082239  0.15228567484922662  0.5905851149143121  223.6730040035926  33.24322565098062  60.74124852981344  422.1340392336863  0.03352690061287797  492.43052928417467  
-16.242102586095857  0.15228567484922662  0.5905851149143121  223.6730040035926  33.24322565098062  60.74124852981344  422.1340392336863  0.03352690061287797  492.43052928417467  
-16.242102586095857  0.15228567484922662  0.5905851149143121  223.6730040035926  33.24322565098062  60.74124852981344  378.3253652900174  0.03352690061287797  492.30858464098736  
-16.242102586095857  0.15228567484922662  0.5905851149143121  223.6730040035926  33.05822921112535  60.74124852981344  430.2221614788276  0.03340992298698267  492.30858464098736  
-16.242102586095857  0.15228567484922662  0.5905851149143121  223.6730040035926  33.05822921112535  60.74124852981344  430.2221614788276  0.03340992298698267  492.30884136513356  
-16.242102586095857  0.1520694733173236  0.5915744450793256  223.20965458827635  33.089768151015555  60.74124852981344  430.2221614788276  0.03340992298698267  492.18981303789104  
-16.242102586095857  0.1520694733173236  0.5920750458765515  223.20965458827635  33.089768151015555  60.74124852981344  430.2221614788276  0.03340992298698267  492.11165143476103  
-16.242102586095857  0.1520694733173236  0.5920750458765515  223.20965458827635  33.179718749043914  60.74124852981344  471.1509059397913  0.0329887286417474  492.11165143476103  
-16.242102586095857  0.1520694733173236  0.591323865608372  223.20965458827635  32.932775765403576  59.85466031559061  471.1509059397913  0.0329887286417474  491.7220679099865  
-16.24146853854157  0.1520694733173236  0.591323865608372  223.20965458827635  32.932775765403576  59.85466031559061  471.1509059397913  0.0329887286417474  491.9333812872291  
-16.2345570991543  0.1520694733173236  0.591323865608372  222.52956418742022  32.932775765403576  59.85466031559061  471.1509059397913  0.03375033708622552  491.9333812872291  
-16.23561821680587  0.1520694733173236  0.591323865608372  222.52956418742022  32.932775765403576  60.503974793301296  471.1509059397913  0.03375033708622552  491.69869160005226  
-16.23561821680587  0.1520694733173236  0.591323865608372  222.52956418742022  32.932775765403576  62.90637179376673  471.1509059397913  0.03375033708622552  491.4436480699961  
-16.245527704688318  0.15260254015594663  0.5895868634708332  222.52956418742022  32.932775765403576  62.96550627725736  471.1509059397913  0.03375033708622552  491.23195128559587  
-16.245527704688318  0.15260254015594663  0.5895868634708332  221.7807624563936  32.932775765403576  62.96550627725736  471.1509059397913  0.03307433817508673  491.23195128559587  
-16.245527704688318  0.15260254015594663  0.5890113240628903  221.7807624563936  33.421007528296165  62.96550627725736  408.2907932658663  0.03307433817508673  491.23195128559587  
-16.245527704688318  0.1522754519133008  0.5890113240628903  222.0714061172106  33.421007528296165  64.66365603887307  421.6571535890436  0.03307433817508673  491.4049225214077  
-16.245527704688318  0.1525276569892995  0.58854085648222  222.0714061172106  33.421007528296165  63.850699544035926  421.6571535890436  0.032342684681485746  491.4049225214077  
-16.245527704688318  0.1525276569892995  0.58854085648222  222.0714061172106  33.421007528296165  66.57070562426452  421.6571535890436  0.032342684681485746  491.4049225214077  
-16.245527704688318  0.1525276569892995  0.58854085648222  222.0714061172106  33.421007528296165  67.12547771005619  421.6571535890436  0.032342684681485746  491.4049225214077  
-16.245527704688318  0.15273562566100565  0.58854085648222  222.0714061172106  33.421007528296165  69.38010832106698  572.0342480416791  0.0308522836867612  491.4073330252514  
-16.248773190008876  0.15273562566100565  0.58854085648222  222.0714061172106  33.205748160617205  69.38010832106698  572.0342480416791  0.030804761931393365  491.4073330252514  
-16.248431784847998  0.15273562566100565  0.5873930858596291  222.0714061172106  33.559129756672135  69.38010832106698  572.0342480416791  0.030804761931393365  491.6463521080981  
-16.24992661221784  0.15273562566100565  0.5873930858596291  222.09195797615916  33.559129756672135  72.05436810536672  518.6200201409372  0.03029105419941857  491.77036687309686  
-16.24992661221784  0.15273562566100565  0.5873930858596291  222.09195797615916  33.559129756672135  72.05436810536672  518.6200201409372  0.03029105419941857  491.77036687309686  
-16.24992661221784  0.15273562566100565  0.5891391209612179  222.09195797615916  33.83236245763865  69.76030850794366  518.6200201409372  0.03164024929615259  491.77036687309686  
-16.24992661221784  0.15273562566100565  0.5891391209612179  222.09195797615916  33.83236245763865  69.76030850794366  429.44707421303644  0.03164024929615259  491.77036687309686  
-16.24992661221784  0.15273562566100565  0.5891391209612179  222.09195797615916  33.83236245763865  69.76030850794366  511.96909681337354  0.03241682720760252  491.77036687309686  
-16.24992661221784  0.15273562566100565  0.5891391209612179  222.09195797615916  33.86306455282545  69.76030850794366  511.96909681337354  0.03241682720760252  491.77036687309686  
-16.24992661221784  0.15273562566100565  0.5891391209612179  222.09195797615916  33.85673759303987  69.76030850794366  511.96909681337354  0.03241682720760252  491.77036687309686  
-16.24992661221784  0.15273562566100565  0.5891391209612179  222.09195797615916  33.75772698841462  65.87939504738983  482.1443495419691  0.03241682720760252  491.77036687309686  
-16.24992661221784  0.15273562566100565  0.5891391209612179  222.52122509449205  33.38563638573535  65.87939504738983  482.1443495419691  0.03241682720760252  491.7318922406652  
-16.24992661221784  0.15253832643359266  0.5891391209612179  222.52965534552345  33.38563638573535  62.92270319217111  482.1443495419691  0.03241682720760252  491.7318922406652  
-16.24992661221784  0.15256842777100185  0.5891391209612179  222.52965534552345  33.38563638573535  66.24662120697421  482.1443495419691  0.0315879212245751  491.7318922406652  
-16.24992661221784  0.15256842777100185  0.5891391209612179  222.52965534552345  33.61789165070295  68.0129119674512  482.1443495419691  0.0315879212245751  491.9408586370548  
-16.24992661221784  0.15288746135448247  0.5894574068370947  222.52965534552345  33.61789165070295  68.0129119674512  482.1443495419691  0.0315879212245751  491.9408586370548  
-16.24992661221784  0.15288746135448247  0.5896013399577267  222.52965534552345  33.33617642609659  68.0129119674512  482.1443495419691  0.0315879212245751  491.9408586370548  
-16.24992661221784  0.15279245539302092  0.5896013399577267  222.75376102659342  33.30557883397929  68.0129119674512  482.1443495419691  0.0315879212245751  491.9408586370548  
-16.24602575823996  0.15279245539302092  0.5882413350281536  222.63558948809802  33.30557883397929  63.77230485526505  444.0808369075597  0.0315879212245751  491.9408586370548  
-16.24567601136205  0.15277272958313431  0.5882413350281536  221.83667192979482  33.522160387485116  63.77230485526505  444.0808369075597  0.03017150485479848  491.9408586370548  
-16.245453098944648  0.15277272958313431  0.5882413350281536  221.83667192979482  33.380967511537264  63.77230485526505  444.0808369075597  0.03068173151598795  491.9408586370548  
-16.245453098944648  0.15277272958313431  0.5882413350281536  221.83667192979482  33.516647692268286  63.77230485526505  407.6415929571199  0.031887965588505124  491.95637690050893  
-16.2373139472993  0.15277272958313431  0.5882413350281536  221.83667192979482  33.516647692268286  63.77230485526505  364.5617128875386  0.031887965588505124  491.95637690050893  
-16.2373139472993  0.1523830261115317  0.5882413350281536  222.45268524130526  33.516647692268286  63.77230485526505  364.5617128875386  0.031887965588505124  491.95637690050893  
-16.2373139472993  0.15201526004973623  0.588269845528034  222.45268524130526  33.516647692268286  63.77230485526505  364.5617128875386  0.031158145193425378  492.0398952962191  
-16.2373139472993  0.15152503703130613  0.588269845528034  222.45268524130526  33.516647692268286  63.73835945472039  364.5617128875386  0.02789357631314984  492.0398952962191  
-16.2373139472993  0.15137071957338286  0.5891993675417521  221.97184827350176  33.516647692268286  63.73835945472039  364.5617128875386  0.02789357631314984  492.0398952962191  
-16.2373139472993  0.15145028269507949  0.5917186724407473  221.97184827350176  33.516647692268286  63.73835945472039  364.5617128875386  0.02884095905458767  492.0398952962191  
-16.2373139472993  0.15145028269507949  0.5917186724407473  221.97184827350176  33.65795225396448  71.14272537133782  364.5617128875386  0.028520176292352206  492.0398952962191  
-16.2373139472993  0.15171877071798698  0.5917186724407473  221.97184827350176  33.614759235105105  71.14272537133782  364.5617128875386  0.028657950368262856  492.0398952962191  
-16.235021628108115  0.15151111527971425  0.5917186724407473  221.97184827350176  33.78797001843333  71.14272537133782  364.5617128875386  0.029362207166250792  492.0398952962191  
-16.235021628108115  0.15163229789975477  0.5917186724407473  221.97184827350176  34.05378310445334  73.73459273719614  364.5617128875386  0.031194527639914565  492.0398952962191  
-16.235021628108115  0.15163229789975477  0.5917186724407473  221.97184827350176  34.05378310445334  73.73459273719614  364.5617128875386  0.031194527639914565  492.15778652566604  
-16.235021628108115  0.1517095284681766  0.5940575073986822  221.97184827350176  33.91802092037538  72.95089574527455  364.5617128875386  0.031194527639914565  492.04577003033376  
-16.229547513698662  0.1517095284681766  0.5940575073986822  221.44448211746905  34.25055852577845  74.72986919227111  364.5617128875386  0.031194527639914565  492.2813740870119  
-16.230479492579168  0.1517095284681766  0.5940575073986822  221.44448211746905  34.25055852577845  74.72986919227111  364.5617128875386  0.031194527639914565  492.2813740870119  
-16.230581068421714  0.1517095284681766  0.5940575073986822  221.44448211746905  34.25055852577845  78.10794721818485  364.5617128875386  0.02711243717205306  493.19312147098645  
-16.230581068421714  0.1517095284681766  0.5940575073986822  221.44448211746905  34.82481657310969  78.10794721818485  364.5617128875386  0.025845748110766127  493.19312147098645  
-16.230581068421714  0.15176296226898178  0.5940575073986822  221.44448211746905  34.82481657310969  80.10273315429987  364.5617128875386  0.025845748110766127  493.19312147098645  
-16.230581068421714  0.15176296226898178  0.6002013550286875  221.18123135578523  34.35635068854392  80.10273315429987  392.4074393956165  0.025845748110766127  493.19312147098645  
-16.230581068421714  0.15185871813363025  0.6002013550286875  220.72290027045403  34.643088208273376  80.10273315429987  337.25587535992395  0.025845748110766127  493.1770039584841  
-16.230581068421714  0.15185871813363025  0.601733566210845  220.67561126483594  34.643088208273376  80.10273315429987  455.7695034571972  0.02427595062462686  493.1770039584841  
-16.235246774406754  0.1521960135869142  0.601733566210845  220.63648697861066  34.643088208273376  80.10273315429987  455.7695034571972  0.02427595062462686  493.2010456831262  
-16.24105857388077  0.15255829271706858  0.601733566210845  220.63648697861066  34.643088208273376  80.87518722195003  455.7695034571972  0.02427595062462686  493.2010456831262  
-16.241463500996268  0.15255829271706858  0.6001149427641468  220.63648697861066  34.643088208273376  80.41948044028173  455.7695034571972  0.02427595062462686  493.2010456831262  
-16.241463500996268  0.15255829271706858  0.6001149427641468  220.63648697861066  34.69187433882822  80.18041683710257  455.7695034571972  0.02427595062462686  493.25718911867784  
-16.241463500996268  0.15255829271706858  0.5957434331129738  220.1227319533229  34.57806694751202  81.51822186699857  455.7695034571972  0.023458476684358878  493.071162693325  
-16.24115199667935  0.15255829271706858  0.598245010568795  220.1227319533229  34.29372221992578  81.84565988410903  455.7695034571972  0.023458476684358878  492.9827228120438  
-16.242929981382435  0.15255829271706858  0.598245010568795  220.1227319533229  34.29372221992578  78.14963701186882  455.7695034571972  0.023458476684358878  493.1917670657982  
-16.242929981382435  0.1528326457365261  0.598245010568795  220.39374868065443  34.29372221992578  80.80484049715311  455.7695034571972  0.023458476684358878  492.9293184925915  
-16.24221924884337  0.1528326457365261  0.598245010568795  220.139403838003  34.34902682669553  82.25471318482373  455.7695034571972  0.02520500647537777  492.9293184925915  
-16.24221924884337  0.1528326457365261  0.5982928477699133  220.139403838003  34.34902682669553  81.3206556971005  428.75676133602946  0.02520500647537777  492.9293184925915  
-16.24221924884337  0.1530079894004853  0.59311516402178  220.139403838003  34.69968991740457  81.3206556971005  428.75676133602946  0.026488219069104278  492.8870792376619  
-16.238235276341143  0.15262384597627732  0.59311516402178  220.139403838003  34.69968991740457  