485.183  104.722  184.758  620.032  804.798  3.41423  0.00243105  0.0368022  0.00189106  
485.215  105.258  185.762  612.89  792.508  3.42545  0.00176288  0.0355902  0.0019042  
485.044  104.603  184.626  567.335  736.934  3.41522  0.00213461  0.0360663  0.00194254  
484.712  105.135  186.269  547.443  705.926  3.34832  0.00294874  0.0372214  0.00199979  
485.078  106.423  188.965  487.647  610.437  3.27262  0.00320103  0.0372764  0.00220266  
485.078  106.911  190.213  493.288  606.122  3.21229  0.00410368  0.0386484  0.00232417  
484.813  106.133  188.639  453.254  558.173  3.25865  0.0037081  0.0381299  0.00236063  
484.746  106.73  190.1  375.296  438.643  3.21334  0.00412467  0.0386057  0.00276743  
484.746  106.779  190.207  445.652  548.418  3.21018  0.00414396  0.0386057  0.00238227  
484.746  106.679  190.169  403.666  483.182  3.18096  0.00431538  0.0386057  0.00261002  
485.582  108.224  192.831  415.978  488.74  3.13378  0.00440116  0.0386057  0.0026516  
485.582  108.689  194.253  451.166  544.51  3.04105  0.00554076  0.0401291  0.0024515  
485.582  108.746  194.416  456.943  555.466  3.02614  0.00573661  0.0403303  0.00241214  
485.582  108.542  193.889  486.339  599.692  3.05003  0.00537814  0.0397846  0.00229061  
485.566  108.979  195.216  470.322  571.184  2.97193  0.00667118  0.0418969  0.00246895  
485.263  109.446  196.917  464.774  561.984  2.87933  0.00822627  0.0443853  0.00251533  
485.263  109.065  196.235  466.776  567.094  2.86221  0.00836703  0.0443853  0.00248189  
485.263  109.897  198.204  532.302  659.551  2.81531  0.00880383  0.0450062  0.00225289  
485.263  110.48  199.748  469.541  570.248  2.74817  0.00982556  0.0465725  0.00248924  
485.263  109.159  196.239  509.525  631.701  2.89676  0.00784175  0.0436422  0.0023023  
485.082  109.153  196.241  483.854  592.582  2.9219  0.00770696  0.0436422  0.00242655  
485.026  109.183  196.378  486.549  598.282  2.91659  0.00777646  0.0437369  0.00239468  
485.31  109.175  196.141  431.738  507.257  2.92018  0.00747333  0.0431864  0.00279552  
485.31  109.138  196.083  547.452  684.093  2.91629  0.00756021  0.0433179  0.00221669  
485.31  109.467  196.58  484.449  594.557  2.96042  0.00665689  0.0420269  0.00240603  
485.242  109.403  196.505  590.619  753.034  2.96337  0.00660348  0.0419436  0.00204071  
485.449  108.622  194.308  627.864  817.532  3.05268  0.00518897  0.0397234  0.00187829  
485.639  108.665  194.185  616.89  803.731  3.06388  0.00510199  0.0397234  0.00189046  
485.533  108.55  194.011  637.764  832.229  3.07152  0.00498589  0.0395448  0.00185936  
485.767  109.13  195.275  566.996  711.953  3.01029  0.00581378  0.0407293  0.00216468  
485.619  109.14  195.516  573.033  713.632  2.99455  0.00602524  0.041036  0.00220783  
485.38  109.243  195.822  567.749  701.521  3.00702  0.00570138  0.0404209  0.00225191  
485.507  109.295  195.874  544.914  672.217  2.99537  0.0059428  0.0408062  0.00226492  
485.507  109.234  195.728  528.033  647.828  3.00092  0.00584928  0.0406575  0.00232174  
485.575  109.484  196.316  438.675  523.279  2.9704  0.00582573  0.0402  0.00259945  
485.575  109.576  196.329  437.91  522.227  3.0009  0.00566069  0.0402  0.00260363  
