# to compile c files
gcc -shared -o c_functions.so -fPIC c_functions.c -O3
gcc -shared -o c_functions_greedy.so -fPIC c_functions_greedy.c -O3

# functions in C file for easy replacement.
double BA_function(double *x, double* params) {
    double meson_free, meson_interact, en_BA, BA;

    return BA;
}

double Rch(double*x) {
    double Rch, Rp2;

    return Rch;
}

double Wkskin(double*x) {
    double FchFwk;
    
    return FchFwk;
}

208,82
SVD took:294.6131 seconds
2.9461s/run
0.11766547620244332 0.0 0.0
0.11766547620244332 292.4755 s 78
3  2  2  2  2  2  2  2  2  2  2  2  2  2  2  2  2  2  2  2  2  2
3  2  2  2  2  2  2  2  2  2  2  2  2  2  2  2
0.12878676705626255 367.4316 s 80
3  2  2  2  2  2  2  2  2  2  2  2  2  2  2  2  2  2  2  2  2  2
3  2  2  2  2  2  2  2  2  2  2  2  2  3  3  2
0.1263507726030872 323.1970 s 82
4  2  2  2  2  2  2  2  2  2  2  2  2  2  2  2  2  2  2  2  2  2
4  2  2  2  2  2  2  2  2  2  2  2  2  3  3  2
0.11218338798222181 378.7646 s 84
4  2  2  2  2  2  2  2  2  2  2  2  2  2  2  2  2  2  2  2  2  2
4  2  2  2  2  2  2  2  2  2  2  2  2  4  4  2
0.1294741311478331 281.9379 s 86
5  2  2  2  2  2  2  2  2  2  2  2  2  2  2  2  2  2  2  2  2  2
5  2  2  2  2  2  2  2  2  2  2  2  2  4  4  2
0.11981779809071771 354.6650 s 88
5  2  2  2  2  2  2  2  2  2  2  2  2  2  2  2  2  2  2  2  2  2
5  2  2  2  2  2  2  2  2  2  2  2  2  5  5  2
0.09371026387827197 277.7650 s 90
6  2  2  2  2  2  2  2  2  2  2  2  2  2  2  2  2  2  2  2  2  2
6  2  2  2  2  2  2  2  2  2  2  2  2  5  5  2
0.0936908074351565 319.2524 s 92
6  2  2  2  2  2  2  2  2  2  2  2  2  2  2  2  2  2  2  2  2  2
6  2  2  2  2  2  2  2  2  2  2  2  2  6  6  2
0.09928835039433281 288.2024 s 94
6  2  2  2  2  2  2  2  2  2  2  2  3  2  2  2  2  2  3  2  2  2
6  2  2  2  2  2  2  2  2  2  2  2  2  6  6  2
0.13846208786539793 485.4050 s 96
6  2  2  2  2  2  2  2  2  2  2  2  3  2  2  2  2  2  3  2  3  2
6  2  2  2  2  2  2  2  2  3  2  2  2  6  6  2
0.04381807849036891 88.2564 s 98
6  2  2  2  2  2  2  2  3  2  2  2  3  2  2  2  2  3  3  2  3  2
6  2  2  2  2  2  2  2  2  3  2  2  2  6  6  2
0.02814237485411013 112.2931 s 100
6  2  2  2  2  3  2  2  3  2  2  2  3  2  2  2  2  3  3  2  3  2
6  2  2  2  2  2  2  2  2  3  2  2  3  6  6  2
0.02199780763213706 35.2829 s 102
6  2  3  2  2  3  2  2  3  2  2  2  3  2  2  2  2  4  3  2  3  2
6  2  2  2  2  2  2  2  2  3  2  2  3  6  6  2
0.016411368487731916 96.8032 s 104
6  2  3  2  2  4  2  2  3  2  2  2  3  2  2  2  2  4  3  2  4  2
6  2  2  2  2  2  2  2  2  3  2  2  3  6  6  2
0.0351766333433026 200.0922 s 106
6  3  3  2  2  4  2  2  3  2  2  2  3  2  2  2  2  4  4  2  4  2
6  2  2  2  2  2  2  2  2  3  2  2  3  6  6  2
0.05357619696804168 307.6144 s 108
6  3  3  2  2  5  2  2  3  2  2  2  3  2  2  2  2  4  4  2  4  2
6  2  2  2  2  2  2  2  2  4  2  2  3  6  6  2
0.014418470725404689 70.0562 s 110
6  3  3  2  2  5  2  2  3  2  2  2  3  2  2  3  2  4  4  2  5  2
6  2  2  2  2  2  2  2  2  4  2  2  3  6  6  2
0.01073706583933344 133.6936 s 112
6  3  3  2  2  5  2  2  3  2  2  2  3  2  2  3  2  4  4  2  5  2
6  2  2  2  2  2  2  2  2  5  2  2  3  6  6  3
0.009314681170117592 42.7976 s 114
6  3  3  2  3  5  2  2  3  2  2  2  3  2  2  3  2  4  4  2  5  2
6  2  3  2  2  2  2  2  2  5  2  2  3  6  6  3
0.009714921165685696 103.5275 s 116
6  3  3  2  3  5  2  2  3  2  2  2  3  2  2  3  2  4  4  2  6  2
6  2  3  2  2  2  2  2  2  6  2  2  3  6  6  3
0.009355758346376301 44.5743 s 118
6  3  3  2  3  5  2  2  4  2  2  2  3  2  2  3  2  4  4  2  6  2
6  2  3  2  3  2  2  2  2  6  2  2  3  6  6  3
0.01192972110680076 105.6669 s 120
6  3  3  2  3  5  2  2  4  2  2  2  3  2  2  3  2  4  4  3  6  2
6  2  3  2  3  2  2  2  2  6  2  2  3  6  6  4
0.07118196579289048 414.4755 s 122
6  3  3  2  3  5  2  2  4  2  2  2  3  2  2  3  2  4  5  4  6  2
6  2  3  2  3  2  2  2  2  6  2  2  3  6  6  4
0.009905272262515492 121.2450 s 124
6  3  3  2  3  5  2  2  4  2  2  2  3  2  2  3  2  4  5  5  6  2
6  2  3  2  3  2  2  2  2  6  2  2  3  6  6  5
0.010548912910076903 50.4809 s 126
6  3  3  2  3  5  2  2  4  2  2  2  3  2  2  4  2  4  5  5  6  2
6  2  3  2  3  3  2  2  2  6  2  2  3  6  6  5
0.04338478740617266 491.3086 s 128
6  3  3  2  3  5  2  2  4  2  2  2  3  2  2  4  2  4  5  6  6  2
6  2  3  2  3  4  2  2  2  6  2  2  3  6  6  5
0.013810313065502662 62.0106 s 130
6  4  3  2  3  5  2  2  5  2  2  2  3  2  2  4  2  4  5  6  6  2
6  2  3  2  3  4  2  2  2  6  2  2  3  6  6  5
0.011000845865636091 118.1971 s 132
6  4  3  2  3  6  2  2  5  2  2  2  3  2  2  4  2  4  5  6  6  2
6  2  3  2  3  4  2  2  2  6  2  2  3  6  6  6
0.012384623730520357 58.1699 s 134
6  5  4  2  3  6  2  2  5  2  2  2  3  2  2  4  2  4  5  6  6  2
6  2  3  2  3  4  2  2  2  6  2  2  3  6  6  6
0.01071349223150655 121.5239 s 136
6  5  4  2  3  6  2  2  5  2  2  2  4  2  2  4  2  4  5  6  6  2
6  2  3  2  3  5  2  2  2  6  2  2  3  6  6  6
0.009740227586380072 57.6653 s 138
6  6  4  2  3  6  2  2  5  2  2  2  4  2  2  4  2  4  5  6  6  2
6  3  3  2  3  5  2  2  2  6  2  2  3  6  6  6
0.00978958249753937 122.0171 s 140
6  6  4  2  3  6  2  2  5  2  2  2  5  2  2  4  2  4  5  6  6  3
6  3  3  2  3  5  2  2  2  6  2  2  3  6  6  6
0.009255892723642632 60.0699 s 142
6  6  4  3  3  6  2  2  5  2  2  2  5  2  2  4  2  4  5  6  6  4
6  3  3  2  3  5  2  2  2  6  2  2  3  6  6  6
0.008907253508483511 121.2950 s 144
6  6  4  3  3  6  2  2  5  2  2  2  6  2  2  4  2  4  5  6  6  5
6  3  3  2  3  5  2  2  2  6  2  2  3  6  6  6
0.008199877805438493 64.3216 s 146
6  6  4  3  3  6  2  3  5  2  2  2  6  2  2  4  2  4  5  6  6  5
6  3  3  2  3  5  2  3  2  6  2  2  3  6  6  6
0.009164229659042782 125.5875 s 148
6  6  4  3  3  6  2  3  5  2  3  2  6  2  2  4  2  4  5  6  6  6
6  3  3  2  3  5  2  3  2  6  2  2  3  6  6  6
0.01589241093757746 70.8965 s 150
6  6  4  3  3  6  2  3  5  3  3  2  6  2  2  4  2  4  5  6  6  6
6  3  4  2  3  5  2  3  2  6  2  2  3  6  6  6
0.015120858602300018 134.9973 s 152
6  6  4  3  3  6  2  3  5  3  4  2  6  3  2  4  2  4  5  6  6  6
6  3  4  2  3  5  2  3  2  6  2  2  3  6  6  6
0.014184322587046072 82.0403 s 154
6  6  4  3  3  6  2  3  5  4  4  2  6  3  2  4  3  4  5  6  6  6
6  3  4  2  3  5  2  3  2  6  2  2  3  6  6  6
0.022638540358535283 155.5632 s 156
6  6  4  3  3  6  2  3  5  5  4  2  6  4  2  4  3  4  5  6  6  6
6  3  4  2  3  5  2  3  2  6  2  2  3  6  6  6
0.017021377307944813 68.3578 s 158
6  6  4  3  3  6  2  3  5  5  4  2  6  4  2  4  4  4  5  6  6  6
6  4  4  2  3  5  2  3  2  6  2  2  3  6  6  6
0.01328152103237569 141.9240 s 160
6  6  4  3  3  6  2  3  5  5  5  2  6  5  2  4  4  4  5  6  6  6
6  4  4  2  3  5  2  3  2  6  2  2  3  6  6  6
0.013157210744729878 87.7849 s 162
6  6  4  3  3  6  2  3  5  5  5  3  6  5  2  4  4  4  5  6  6  6
6  4  4  2  3  5  2  3  2  6  2  3  3  6  6  6
0.018048748312049518 144.6339 s 164
6  6  4  3  3  6  3  3  5  5  5  3  6  6  2  4  4  4  5  6  6  6
6  4  4  2  3  5  2  3  2  6  2  3  3  6  6  6
0.014782735792532548 83.1132 s 166
6  6  4  3  3  6  3  3  5  5  5  4  6  6  2  4  4  4  5  6  6  6
6  4  4  2  3  5  2  3  2  6  2  4  3  6  6  6
0.011362198983656509 137.7590 s 168
6  6  4  3  3  6  3  3  5  5  6  4  6  6  2  4  4  4  6  6  6  6
6  4  4  2  3  5  2  3  2  6  2  4  3  6  6  6
0.011359477475367594 77.3229 s 170
6  6  4  3  3  6  3  3  5  5  6  4  6  6  3  4  4  4  6  6  6  6
6  4  4  2  4  5  2  3  2  6  2  4  3  6  6  6
0.009784288217283664 145.3913 s 172
6  6  4  3  3  6  4  3  5  5  6  4  6  6  3  4  4  5  6  6  6  6
6  4  4  2  4  5  2  3  2  6  2  4  3  6  6  6
0.00953037940280165 86.7604 s 174
6  6  4  3  3  6  4  3  5  5  6  4  6  6  4  4  4  5  6  6  6  6
6  4  4  2  4  5  2  4  2  6  2  4  3  6  6  6
0.011950630476749192 150.9207 s 176
6  6  4  3  3  6  5  3  5  5  6  4  6  6  4  4  4  6  6  6  6  6
6  4  4  2  4  5  2  4  2  6  2  4  3  6  6  6
0.01320346386878148 102.0863 s 178
6  6  4  3  4  6  5  4  5  5  6  4  6  6  4  4  4  6  6  6  6  6
6  4  4  2  4  5  2  4  2  6  2  4  3  6  6  6
0.008643891313575569 151.3751 s 180
6  6  4  3  4  6  6  4  5  5  6  4  6  6  4  4  4  6  6  6  6  6
6  4  4  2  5  5  2  4  2  6  2  4  3  6  6  6
0.008769802208683366 88.0841 s 182
6  6  5  3  4  6  6  5  5  5  6  4  6  6  4  4  4  6  6  6  6  6
6  4  4  2  5  5  2  4  2  6  2  4  3  6  6  6
0.008249371519282693 154.3546 s 184
6  6  5  3  4  6  6  5  5  5  6  4  6  6  4  4  4  6  6  6  6  6
6  4  4  2  6  5  2  4  2  6  2  4  4  6  6  6
0.00832540709131452 110.2098 s 186
6  6  6  3  5  6  6  5  5  5  6  4  6  6  4  4  4  6  6  6  6  6
6  4  4  2  6  5  2  4  2  6  2  4  4  6  6  6
0.008895971693415668 161.5379 s 188
6  6  6  3  5  6  6  5  6  6  6  4  6  6  4  4  4  6  6  6  6  6
6  4  4  2  6  5  2  4  2  6  2  4  4  6  6  6
0.008804587696395512 101.9362 s 190
6  6  6  3  5  6  6  5  6  6  6  4  6  6  5  5  4  6  6  6  6  6
6  4  4  2  6  5  2  4  2  6  2  4  4  6  6  6
0.009983432579182433 157.5297 s 192
6  6  6  3  5  6  6  5  6  6  6  4  6  6  6  5  4  6  6  6  6  6
6  4  4  2  6  5  2  4  2  6  2  4  5  6  6  6
0.009611057659060887 100.4713 s 194
6  6  6  3  6  6  6  6  6  6  6  4  6  6  6  5  4  6  6  6  6  6
6  4  4  2  6  5  2  4  2  6  2  4  5  6  6  6
0.009020191969146723 160.4228 s 196
6  6  6  3  6  6  6  6  6  6  6  4  6  6  6  5  4  6  6  6  6  6
6  4  4  2  6  6  2  4  2  6  2  4  6  6  6  6
0.009174449582085789 108.7499 s 198
6  6  6  3  6  6  6  6  6  6  6  4  6  6  6  6  4  6  6  6  6  6
6  4  4  2  6  6  2  4  3  6  2  4  6  6  6  6
0.008954456407798154 161.0876 s 200
6  6  6  3  6  6  6  6  6  6  6  4  6  6  6  6  5  6  6  6  6  6
6  4  4  2  6  6  2  4  4  6  2  4  6  6  6  6
0.01802917166538952 117.1194 s 202
6  6  6  4  6  6  6  6  6  6  6  4  6  6  6  6  5  6  6  6  6  6
6  4  4  2  6  6  2  4  5  6  2  4  6  6  6  6
0.008631715628254745 175.0650 s 204
6  6  6  5  6  6  6  6  6  6  6  4  6  6  6  6  6  6  6  6  6  6
6  4  4  2  6  6  2  4  5  6  2  4  6  6  6  6
0.008540113517817112 108.1372 s 206
6  6  6  5  6  6  6  6  6  6  6  5  6  6  6  6  6  6  6  6  6  6
6  4  5  2  6  6  2  4  5  6  2  4  6  6  6  6
0.008699766125561297 174.5418 s 208
6  6  6  6  6  6  6  6  6  6  6  5  6  6  6  6  6  6  6  6  6  6
6  4  6  2  6  6  2  4  5  6  2  4  6  6  6  6
0.008680346491605082 124.9727 s 210
6  6  6  6  6  6  6  6  6  6  6  6  6  6  6  6  6  6  6  6  6  6
6  4  6  2  6  6  2  4  6  6  2  4  6  6  6  6
0.008621342176568838 185.0177 s 212
6  6  6  6  6  6  6  6  6  6  6  6  6  6  6  6  6  6  6  6  6  6
6  5  6  3  6  6  2  4  6  6  2  4  6  6  6  6
0.008767829881568864 118.8487 s 214
6  6  6  6  6  6  6  6  6  6  6  6  6  6  6  6  6  6  6  6  6  6
6  6  6  4  6  6  2  4  6  6  2  4  6  6  6  6
0.008466529248123002 196.1306 s 216
6  6  6  6  6  6  6  6  6  6  6  6  6  6  6  6  6  6  6  6  6  6
6  6  6  5  6  6  2  4  6  6  2  5  6  6  6  6
0.008649467798816736 120.3940 s 218
6  6  6  6  6  6  6  6  6  6  6  6  6  6  6  6  6  6  6  6  6  6
6  6  6  5  6  6  3  5  6  6  2  5  6  6  6  6
0.008890607311435926 188.2968 s 220
6  6  6  6  6  6  6  6  6  6  6  6  6  6  6  6  6  6  6  6  6  6
6  6  6  6  6  6  3  5  6  6  2  6  6  6  6  6
0.008677410418019314 129.7425 s 222
6  6  6  6  6  6  6  6  6  6  6  6  6  6  6  6  6  6  6  6  6  6
6  6  6  6  6  6  4  6  6  6  2  6  6  6  6  6
0.008541311132575658 189.4987 s 224
6  6  6  6  6  6  6  6  6  6  6  6  6  6  6  6  6  6  6  6  6  6
6  6  6  6  6  6  5  6  6  6  3  6  6  6  6  6
0.008880583435323147 136.5077 s 226
6  6  6  6  6  6  6  6  6  6  6  6  6  6  6  6  6  6  6  6  6  6
6  6  6  6  6  6  6  6  6  6  4  6  6  6  6  6
