-8.71699  4.27245  0
-8.71869  4.27534  0
-8.71337  4.27544  0
-8.71133  4.2752  0
-8.70901  4.27197  0
-8.71184  4.27067  0
-8.70794  4.27125  0
-8.70443  4.27123  0
-8.71189  4.27363  0
-8.70111  4.27338  0
-8.70845  4.27072  0
-8.70905  4.27009  0
-8.71229  4.27197  0
-8.71224  4.27321  0
-8.71217  4.26831  0
-8.71107  4.26466  0
-8.70309  4.2655  0
-8.71058  4.26581  0
-8.71307  4.26322  0
-8.71031  4.26812  0
-8.70903  4.26816  0
-8.70912  4.26843  0
-8.70506  4.26493  0
-8.71321  4.26756  0
-8.71267  4.26549  0
-8.71759  4.26833  0
-8.71596  4.27117  0
-8.72241  4.26847  0
-8.72134  4.26926  0
-8.71726  4.26625  0
-8.71296  4.26597  0
-8.72051  4.26921  0
-8.71487  4.26783  0
-8.71172  4.2676  0
-8.70821  4.2693  0
-8.70703  4.26963  0
