66.0069  66.5139  66.5608  67.1212  67.2314  67.4721  67.8033  68.0072  68.3396  68.4318  68.5331  68.8546  69.1682  69.2849  69.3143  69.3589  69.7318  69.922  70.0357  70.0973  70.1052  70.171  
66.0042  66.5116  66.5587  67.1196  67.2304  67.4724  67.8025  68.0076  68.3406  68.4331  68.5328  68.8564  69.1688  69.2847  69.3151  69.359  69.7343  69.9218  70.0352  70.0974  70.1052  70.1713  
66.0329  66.5366  66.583  67.1397  67.2485  67.4871  67.8162  68.0172  68.3423  68.4322  68.5393  68.8554  69.1596  69.2838  69.3024  69.348  69.7225  69.9075  70.0277  70.0807  70.0947  70.1601  
66.0391  66.5416  66.5875  67.1437  67.2518  67.4914  67.8193  68.0192  68.3446  68.4338  68.5415  68.8561  69.1599  69.2852  69.3019  69.3477  69.7219  69.9068  70.0281  70.0795  70.0946  70.1599  
66.0505  66.5515  66.5966  67.153  67.2603  67.5034  67.8281  68.0273  68.3538  68.4417  68.5496  68.8634  69.165  69.2921  69.3051  69.3509  69.7278  69.9093  70.0334  70.0809  70.0988  70.1638  
66.0454  66.5471  66.592  67.15  67.2571  67.5021  67.8272  68.0264  68.3567  68.4448  68.5514  68.8657  69.1719  69.297  69.3124  69.3584  69.7341  69.9188  70.0414  70.0909  70.1075  70.1726  
66.0706  66.5692  66.6136  67.1679  67.2736  67.5153  67.8397  68.0358  68.3592  68.4455  68.5575  68.8664  69.1649  69.2965  69.3027  69.3493  69.7253  69.9064  70.0346  70.0759  70.0967  70.161  
66.1077  66.6016  66.6446  67.1953  67.2985  67.5402  67.8615  68.0535  68.3737  68.4574  68.5733  68.8758  69.1693  69.306  69.3033  69.3505  69.7261  69.9043  70.038  70.0701  70.0951  70.1581  
66.0692  66.567  66.6113  67.1649  67.2704  67.5125  67.8361  68.0319  68.356  68.4422  68.5533  68.8619  69.1612  69.2917  69.2989  69.3456  69.7205  69.9023  70.0294  70.072  70.0929  70.1574  
66.0907  66.5862  66.6297  67.1815  67.2856  67.5271  67.8496  68.0431  68.3644  68.4491  68.5634  68.8682  69.1641  69.2984  69.2997  69.3469  69.7218  69.902  70.0327  70.0696  70.0932  70.1568  
66.0793  66.5765  66.6202  67.175  67.2802  67.5263  67.8474  68.0436  68.3719  68.4579  68.5663  68.8761  69.1778  69.3063  69.3151  69.3614  69.7372  69.9187  70.0451  70.0879  70.1084  70.1727  
66.0566  66.5552  66.5993  67.1554  67.2614  67.5084  67.8304  68.028  68.3602  68.4473  68.5524  68.8648  69.1724  69.296  69.3119  69.3584  69.7312  69.9178  70.0387  70.0893  70.1076  70.1725  
66.0554  66.5536  66.5979  67.1533  67.2593  67.5056  67.8277  68.0251  68.357  68.4442  68.5491  68.8612  69.1693  69.2923  69.309  69.3556  69.7271  69.9148  70.0348  70.0865  70.1049  70.1699  
66.0423  66.5422  66.587  67.1437  67.2507  67.4971  67.82  68.0193  68.3525  68.4408  68.5437  68.8585  69.1685  69.2891  69.3097  69.356  69.7278  69.9162  70.0337  70.0892  70.1056  70.1711  
66.0263  66.5269  66.5714  67.1297  67.2361  67.4839  67.8078  68.0063  68.3424  68.4306  68.5338  68.8479  69.1619  69.2821  69.3032  69.35  69.7203  69.9129  70.0298  70.0865  70.1032  70.1688  
66.025  66.5249  66.569  67.1273  67.2329  67.4814  67.8054  68.0025  68.3405  68.4283  68.5318  68.8441  69.1613  69.281  69.3023  69.3499  69.7174  69.9136  70.0299  70.0872  70.104  70.1695  
66.031  66.5305  66.5745  67.1319  67.2373  67.4847  67.8089  68.0054  68.3419  68.4294  68.5341  68.8452  69.1614  69.282  69.3021  69.3501  69.7167  69.9131  70.0298  70.0864  70.1037  70.1691  
65.9942  66.4972  66.5422  67.1033  67.2108  67.4611  67.7863  67.9871  68.3317  68.422  68.5187  68.8372  69.1635  69.2743  69.3085  69.3557  69.7201  69.9224  70.0296  70.0994  70.1108  70.1772  
66.0133  66.513  66.557  67.1155  67.2209  67.4706  67.7944  67.9913  68.3328  68.4208  68.5222  68.8346  69.1571  69.2733  69.299  69.3473  69.7108  69.9124  70.0245  70.0872  70.1031  70.169  
66.0064  66.5083  66.5532  67.1126  67.2197  67.4677  67.7929  67.9924  68.332  68.4213  68.5218  68.8378  69.1578  69.2735  69.3012  69.3484  69.7151  69.9131  70.0249  70.0886  70.1026  70.1688  
66.0165  66.5174  66.5619  67.1205  67.2268  67.4745  67.7993  67.9974  68.3352  68.4236  68.5264  68.8402  69.1574  69.2762  69.2993  69.3464  69.7144  69.9104  70.0255  70.0846  70.1004  70.1662  
66.0159  66.5167  66.5612  67.1197  67.226  67.4736  67.7984  67.9965  68.3343  68.4228  68.5254  68.8392  69.1565  69.275  69.2985  69.3457  69.7134  69.9095  70.0243  70.0839  70.0995  70.1653  
66.0292  66.5292  66.573  67.1316  67.2369  67.4854  67.8095  68.006  68.3423  68.4293  68.5353  68.8465  69.1603  69.2836  69.3001  69.3476  69.7181  69.9112  70.0313  70.0838  70.1023  70.1676  
65.9774  66.4825  66.5282  67.0906  67.1993  67.4487  67.7755  67.978  68.3221  68.4134  68.5096  68.8307  69.1563  69.2667  69.3024  69.3489  69.7156  69.9165  70.0233  70.0942  70.1045  70.1714  
65.9893  66.4932  66.5383  67.1001  67.208  67.4584  67.7831  67.9846  68.3254  68.4152  68.5145  68.8336  69.152  69.2682  69.2956  69.3418  69.7137  69.9076  70.0208  70.0835  70.0977  70.1644  
65.938  66.4468  66.4935  67.0592  67.1703  67.4215  67.7493  67.9566  68.3058  68.4  68.4891  68.818  69.1494  69.252  69.2993  69.3443  69.7119  69.9141  70.0137  70.0947  70.0998  70.1676  
65.9243  66.4349  66.4826  67.0487  67.1614  67.4105  67.7399  67.9498  68.2984  68.3946  68.4808  68.8137  69.1455  69.2446  69.2978  69.3417  69.7097  69.9111  70.0071  70.0928  70.0944  70.1625  
65.921  66.4318  66.4795  67.0458  67.1585  67.4081  67.7372  67.9471  68.2955  68.3915  68.4783  68.811  69.142  69.2421  69.294  69.3379  69.7069  69.9077  70.0047  70.0894  70.0921  70.1603  
65.9116  66.4236  66.4715  67.0389  67.1522  67.4018  67.7319  67.943  68.2934  68.3903  68.4749  68.8098  69.1438  69.2408  69.2971  69.3407  69.7088  69.9113  70.0054  70.0936  70.0937  70.162  
65.9408  66.4502  66.4968  67.0634  67.1745  67.4265  67.7541  67.9614  68.3096  68.4033  68.4941  68.8229  69.1513  69.2569  69.3003  69.3452  69.7163  69.9155  70.0184  70.0956  70.1026  70.1704  
65.9361  66.4463  66.4929  67.0608  67.172  67.4249  67.753  67.9607  68.3108  68.4047  68.4948  68.8245  69.155  69.2595  69.3044  69.3492  69.7203  69.9207  70.0228  70.1011  70.1071  70.175  
65.9432  66.453  66.4995  67.0671  67.1782  67.4312  67.7587  67.9664  68.3157  68.4094  68.4998  68.8293  69.1581  69.2636  69.3071  69.3516  69.724  69.9224  70.0257  70.1024  70.1087  70.1766  
65.9688  66.4761  66.5221  67.0872  67.1972  67.4493  67.7754  67.9808  68.3269  68.4191  68.5125  68.8382  69.1629  69.2721  69.3098  69.3549  69.7271  69.9233  70.0303  70.1016  70.1106  70.1779  
65.9768  66.4834  66.5292  67.0936  67.2032  67.455  67.7806  67.9852  68.3296  68.4211  68.5163  68.8406  69.1628  69.2744  69.3087  69.354  69.727  69.9216  70.031  70.0992  70.1096  70.1767  
66.0271  66.5278  66.5722  67.131  67.2378  67.4873  67.8095  68.009  68.3449  68.433  68.5354  68.8511  69.162  69.2831  69.3029  69.3491  69.7232  69.9112  70.0295  70.0844  70.1019  70.1677  
66.0294  66.5298  66.5741  67.1328  67.2395  67.489  67.811  68.0103  68.3461  68.4342  68.5367  68.8521  69.1627  69.284  69.3034  69.3493  69.7237  69.9112  70.0301  70.0841  70.1016  70.1673  
