67.2633  67.6635  67.7017  68.1672  68.2579  68.53  68.7433  68.909  69.2371  69.3024  69.3673  69.6229  69.9287  70.0202  70.0289  70.1092  
67.2556  67.6568  67.6954  68.1617  68.2535  68.5267  68.7391  68.9069  69.2355  69.3015  69.3641  69.623  69.9279  70.0178  70.029  70.1087  
67.2706  67.6723  67.711  68.1776  68.2694  68.5421  68.7555  68.9231  69.2519  69.318  69.3811  69.6398  69.9458  70.0356  70.0474  70.1273  
67.2629  67.6654  67.7042  68.172  68.2643  68.5387  68.7515  68.9201  69.2514  69.3179  69.379  69.6394  69.9474  70.0353  70.0499  70.1296  
67.2229  67.6293  67.6695  68.1417  68.2371  68.517  68.7279  68.9022  69.2401  69.3088  69.3625  69.6319  69.9443  70.0255  70.0503  70.129  
67.2083  67.6144  67.6545  68.1267  68.2221  68.5033  68.7131  68.8876  69.2273  69.2962  69.3483  69.6181  69.9328  70.0121  70.0391  70.1185  
67.2208  67.6281  67.6684  68.1413  68.237  68.517  68.7285  68.9033  69.2417  69.3107  69.3642  69.6343  69.9477  70.0285  70.0544  70.1334  
67.1989  67.6094  67.6509  68.1268  68.2249  68.5077  68.7188  68.8977  69.2398  69.3104  69.3595  69.6357  69.9518  70.0285  70.0613  70.1395  
67.2245  67.6316  67.672  68.1449  68.2408  68.5216  68.7323  68.9075  69.2472  69.3165  69.3684  69.6392  69.9536  70.0329  70.0608  70.1393  
67.2131  67.6221  67.6631  68.1374  68.2346  68.5163  68.7272  68.9044  69.2453  69.3153  69.3656  69.6395  69.9548  70.0324  70.0634  70.142  
67.178  67.5877  67.6291  68.1049  68.2033  68.4891  68.6972  68.8771  69.2227  69.2937  69.3385  69.6167  69.9357  70.0082  70.0456  70.1238  
67.1906  67.5982  67.6389  68.1133  68.2102  68.496  68.7036  68.881  69.2275  69.2978  69.3432  69.6181  69.9388  70.0116  70.0477  70.1263  
67.201  67.6077  67.6482  68.1216  68.2179  68.503  68.7106  68.8871  69.2328  69.3028  69.3489  69.6224  69.9429  70.0161  70.0513  70.13  
67.2092  67.6148  67.655  68.1272  68.2228  68.5066  68.7143  68.8896  69.2334  69.3029  69.3506  69.6221  69.9408  70.0157  70.0482  70.127  
67.2007  67.6072  67.6476  68.1213  68.2173  68.5033  68.7107  68.8867  69.234  69.304  69.3496  69.6226  69.9451  70.0176  70.0535  70.1325  
67.1966  67.6031  67.6432  68.1174  68.213  68.5004  68.7077  68.883  69.2331  69.303  69.3479  69.6201  69.9462  70.0176  70.0549  70.1341  
67.2037  67.6096  67.6496  68.1231  68.2182  68.5046  68.7123  68.8867  69.2356  69.3052  69.3515  69.6222  69.9477  70.0201  70.056  70.1356  
67.2063  67.6099  67.6491  68.121  68.2147  68.5011  68.7077  68.8799  69.2287  69.2975  69.3445  69.6121  69.9376  70.0108  70.0444  70.124  
67.1976  67.6035  67.6433  68.1176  68.2127  68.5017  68.7081  68.8827  69.236  69.306  69.3491  69.6206  69.9507  70.0198  70.0596  70.1389  
67.217  67.6213  67.6608  68.1327  68.2268  68.5118  68.7193  68.8922  69.2389  69.3078  69.3557  69.624  69.9471  70.0215  70.054  70.1333  
67.2125  67.6178  67.6577  68.1305  68.2255  68.5111  68.7187  68.8928  69.2402  69.3096  69.3565  69.6267  69.9501  70.0236  70.0577  70.1368  
67.2153  67.6205  67.6603  68.133  68.2277  68.5132  68.7208  68.8946  69.242  69.3113  69.3584  69.6282  69.9514  70.0252  70.0589  70.1379  
67.1835  67.5923  67.6333  68.1093  68.2067  68.4949  68.7021  68.8806  69.231  69.3019  69.3448  69.6215  69.9467  70.0166  70.057  70.1358  
67.2194  67.6228  67.662  68.1332  68.2268  68.5112  68.7186  68.8905  69.2359  69.3044  69.3536  69.6205  69.942  70.018  70.048  70.1274  
67.1968  67.6046  67.645  68.1203  68.2168  68.5047  68.7117  68.8889  69.2381  69.3084  69.3527  69.6276  69.9504  70.0225  70.0593  70.1372  
67.2272  67.6306  67.6696  68.1407  68.2341  68.518  68.7255  68.8973  69.241  69.3093  69.3596  69.6261  69.9443  70.0226  70.0494  70.1275  
67.2477  67.65  67.6888  68.1582  68.2509  68.5314  68.7404  68.9106  69.2493  69.3168  69.3711  69.6349  69.9476  70.0305  70.0508  70.1282  
67.2428  67.6461  67.685  68.1555  68.2487  68.5302  68.7392  68.9103  69.2504  69.3182  69.3715  69.6367  69.9504  70.0325  70.0542  70.1314  
67.2458  67.6484  67.6872  68.1569  68.2496  68.5301  68.7394  68.9097  69.2481  69.3156  69.3703  69.6341  69.9463  70.0299  70.0493  70.1265  
67.21  67.6151  67.6548  68.1273  68.2222  68.5074  68.7146  68.8888  69.2336  69.3027  69.3509  69.6212  69.9399  70.0161  70.0462  70.1247  
67.2033  67.6083  67.648  68.1206  68.2155  68.5009  68.7078  68.8822  69.227  69.2961  69.3442  69.6146  69.9335  70.0095  70.0399  70.1187  
67.1987  67.6039  67.6438  68.1162  68.2116  68.4969  68.7033  68.8785  69.2229  69.2922  69.3395  69.6111  69.9292  70.0045  70.0359  70.1146  
67.194  67.5996  67.6396  68.1127  68.2082  68.4944  68.7008  68.8763  69.2222  69.2917  69.3382  69.6104  69.9302  70.0044  70.0374  70.1161  
67.1905  67.5969  67.6371  68.1108  68.2069  68.4935  68.7  68.8764  69.2228  69.2927  69.3384  69.6119  69.9321  70.0056  70.0398  70.1185  
67.1791  67.5887  67.63  68.1066  68.2051  68.4937  68.7001  68.8806  69.2302  69.3017  69.3431  69.6228  69.9453  70.0146  70.0559  70.1337  
67.1811  67.5907  67.632  68.1084  68.2068  68.4955  68.7018  68.8822  69.2318  69.3032  69.3446  69.6242  69.9464  70.0159  70.0569  70.1344  
