66.0427  66.8862  66.9967  67.8371  68.1051  68.3661  68.8283  69.2894  69.4659  69.5992  69.8033  
66.0414  66.8845  66.9948  67.8353  68.1032  68.3654  68.827  69.2886  69.4675  69.6013  69.8028  
66.0455  66.8892  66.9998  67.8396  68.1076  68.3672  68.83  69.2903  69.4649  69.5979  69.804  
66.0436  66.8873  66.9982  67.8382  68.1072  68.3682  68.8292  69.2916  69.4671  69.6004  69.8037  
66.0361  66.8783  66.9875  67.83  68.0973  68.3649  68.824  69.2867  69.4712  69.6055  69.8021  
66.0284  66.8683  66.9759  67.8202  68.0852  68.3594  68.8165  69.2782  69.4721  69.6071  69.798  
66.0407  66.8826  66.9915  67.8338  68.0996  68.3661  68.8263  69.2852  69.466  69.5988  69.8029  
66.0507  66.8942  67.0039  67.8448  68.1107  68.3712  68.8343  69.2902  69.4608  69.5917  69.807  
66.0515  66.8951  67.0049  67.8457  68.1116  68.3716  68.835  69.2906  69.4604  69.5912  69.8073  
66.0546  66.8997  67.0099  67.851  68.1173  68.3753  68.8401  69.2951  69.4606  69.5908  69.8117  
66.0546  66.8996  67.0098  67.8509  68.1172  68.3753  68.84  69.295  69.4608  69.5909  69.8117  
66.0584  66.9039  67.0143  67.8549  68.1213  68.3773  68.843  69.2971  69.4596  69.5891  69.8134  
66.0609  66.9083  67.0194  67.8602  68.127  68.3799  68.8477  69.3007  69.4574  69.5861  69.8168  
66.0638  66.9116  67.0227  67.8638  68.1307  68.3833  68.8514  69.3045  69.4604  69.589  69.8204  
66.0612  66.9095  67.0206  67.8623  68.1294  68.3823  68.8506  69.3041  69.4601  69.5888  69.8202  
66.0677  66.9176  67.0301  67.8695  68.1382  68.3845  68.8551  69.3089  69.4573  69.5857  69.8213  
66.0694  66.9199  67.0328  67.8716  68.1408  68.3851  68.8564  69.3101  69.4561  69.5844  69.8215  
66.0823  66.9315  67.0441  67.8806  68.1479  68.3883  68.8621  69.3117  69.4546  69.582  69.8241  
66.0746  66.9262  67.0396  67.8781  68.1475  68.3889  68.8618  69.3146  69.4556  69.5833  69.8252  
66.0745  66.9266  67.0401  67.879  68.1487  68.3904  68.8633  69.3163  69.4571  69.5846  69.827  
66.0748  66.9269  67.0404  67.8794  68.149  68.3906  68.8635  69.3164  69.457  69.5844  69.8271  
66.0763  66.9279  67.0412  67.8798  68.149  68.3906  68.8636  69.316  69.4571  69.5846  69.827  
66.0704  66.9219  67.0349  67.8746  68.1439  68.3881  68.86  69.3138  69.4584  69.5865  69.8254  
66.0676  66.9188  67.0317  67.8715  68.1409  68.386  68.8574  69.3116  69.4579  69.5862  69.8234  
66.071  66.9212  67.034  67.8722  68.1406  68.3833  68.856  69.3082  69.4531  69.5813  69.8201  
66.0762  66.9272  67.0405  67.8777  68.1462  68.3855  68.8598  69.3107  69.4509  69.5784  69.8219  
66.071  66.9226  67.0359  67.8742  68.1434  68.3843  68.8577  69.3104  69.4519  69.5798  69.8211  
66.0649  66.9159  67.0289  67.8683  68.1377  68.3823  68.8539  69.3083  69.4547  69.5834  69.8196  
66.0649  66.9159  67.0289  67.8683  68.1377  68.3823  68.8539  69.3083  69.4547  69.5834  69.8196  
66.0607  66.9112  67.0237  67.864  68.1332  68.3805  68.8508  69.3062  69.4564  69.5855  69.8182  
66.059  66.9071  67.0186  67.8589  68.1269  68.3779  68.8467  69.3024  69.4602  69.5903  69.816  
66.0503  66.9029  67.0163  67.8584  68.1299  68.3789  68.8477  69.3069  69.4563  69.5858  69.8169  
66.0574  66.9088  67.0218  67.8626  68.1328  68.3802  68.8501  69.3069  69.4562  69.5854  69.8179  
66.0498  66.9011  67.0132  67.8571  68.1273  68.3814  68.8485  69.3076  69.4636  69.5933  69.8202  
66.0595  66.9071  67.0187  67.8596  68.1287  68.3834  68.848  69.306  69.464  69.5938  69.8173  
66.0687  66.9142  67.0251  67.8641  68.1313  68.3846  68.8504  69.3054  69.4646  69.5941  69.8182  
66.07  66.9156  67.0266  67.8655  68.1327  68.3852  68.8514  69.306  69.464  69.5933  69.8187  
66.0718  66.9175  67.0284  67.8676  68.1344  68.387  68.8534  69.3073  69.4646  69.5937  69.8206  
66.0772  66.9239  67.0353  67.8737  68.1406  68.3896  68.8579  69.3102  69.4619  69.5901  69.8229  
66.0859  66.9344  67.0472  67.8832  68.1515  68.3931  68.8643  69.316  69.4588  69.5864  69.8253  
66.085  66.9327  67.0449  67.8815  68.149  68.3926  68.8633  69.3142  69.4593  69.5869  69.8252  
66.0881  66.9387  67.0521  67.8886  68.1576  68.3964  68.8692  69.3202  69.4565  69.5833  69.8287  
66.089  66.9398  67.0534  67.8896  68.1588  68.3968  68.8698  69.3209  69.4562  69.583  69.8289  
66.0887  66.9394  67.053  67.8891  68.1583  68.3963  68.8693  69.3203  69.4559  69.5827  69.8284  
66.102  66.95  67.0628  67.8962  68.1629  68.3983  68.8731  69.32  69.4562  69.5826  69.8297  
66.0916  66.9441  67.0586  67.894  68.1642  68.3982  68.8729  69.3235  69.4529  69.5791  69.83  
66.0956  66.9485  67.0632  67.8984  68.1685  68.4012  68.8768  69.3268  69.4542  69.5801  69.833  
66.0886  66.9407  67.0549  67.8914  68.1617  68.3984  68.8719  69.3239  69.4566  69.5834  69.8306  
66.0934  66.9458  67.0601  67.896  68.1657  68.4003  68.8752  69.3252  69.4547  69.5808  69.8324  
66.0867  66.9387  67.0522  67.8903  68.1601  68.4002  68.8725  69.3254  69.4615  69.5886  69.8331  
