67.0849  67.8361  67.9763  68.6719  68.9475  69.1402  69.5356  69.9333  70.042  70.1417  
67.0863  67.8376  67.9779  68.6733  68.9489  69.141  69.5367  69.934  70.0417  70.1413  
67.0852  67.8362  67.9763  68.6719  68.9476  69.141  69.5359  69.9342  70.0439  70.1438  
67.0846  67.8355  67.9761  68.671  68.9474  69.14  69.5344  69.9333  70.0417  70.1417  
67.0842  67.8352  67.9751  68.6713  68.9464  69.14  69.5351  69.9321  70.0401  70.1394  
67.0803  67.8308  67.9696  68.6682  68.9421  69.1405  69.5342  69.9307  70.0422  70.1414  
67.0784  67.8279  67.9664  68.6649  68.9393  69.1399  69.5319  69.9308  70.0468  70.1469  
67.0745  67.8229  67.9609  68.6601  68.9347  69.1388  69.5285  69.9297  70.0511  70.1521  
67.0742  67.8225  67.9605  68.6597  68.9343  69.1387  69.5283  69.9297  70.0514  70.1525  
67.065  67.8128  67.9507  68.6506  68.9256  69.1332  69.5209  69.9241  70.0505  70.1522  
67.0651  67.8128  67.9507  68.6505  68.9256  69.1333  69.5209  69.9241  70.0507  70.1524  
67.064  67.8115  67.9493  68.6494  68.9246  69.1334  69.5203  69.9242  70.0522  70.1542  
67.0577  67.8051  67.9428  68.6437  68.9194  69.1304  69.5161  69.9219  70.0531  70.1557  
67.0547  67.8016  67.9393  68.6399  68.9155  69.1269  69.5122  69.9179  70.0501  70.1527  
67.0534  67.8009  67.9387  68.6397  68.9154  69.1266  69.5123  69.9181  70.0498  70.1524  
67.0569  67.8054  67.9442  68.6435  68.9205  69.1273  69.5145  69.9209  70.0486  70.1513  
67.0575  67.8063  67.9454  68.6443  68.9215  69.1272  69.5148  69.9213  70.0479  70.1506  
67.064  67.8109  67.9491  68.6471  68.9227  69.1286  69.5165  69.9209  70.0497  70.1522  
67.0519  67.8005  67.9395  68.6389  68.9166  69.1244  69.5105  69.9187  70.0479  70.1511  
67.0504  67.7986  67.9376  68.6367  68.9144  69.1225  69.5082  69.9165  70.0464  70.1497  
67.0503  67.7984  67.9374  68.6365  68.9143  69.1224  69.5081  69.9165  70.0466  70.1498  
67.0523  67.8  67.9388  68.6376  68.9149  69.1228  69.5087  69.9163  70.0466  70.1497  
67.0531  67.8014  67.9405  68.6392  68.9164  69.1229  69.5099  69.9167  70.0451  70.148  
67.0561  67.8048  67.9439  68.6426  68.9197  69.1249  69.5129  69.919  70.0456  70.1483  
67.058  67.8077  67.9465  68.6466  68.9236  69.1297  69.518  69.9244  70.0506  70.1533  
67.0561  67.8056  67.9444  68.6448  68.9221  69.1292  69.5168  69.9244  70.0522  70.1552  
67.0548  67.8052  67.9444  68.645  68.9229  69.1291  69.5171  69.9251  70.051  70.154  
67.0564  67.807  67.9464  68.6463  68.9241  69.1285  69.5175  69.9243  70.0481  70.1508  
67.0564  67.807  67.9464  68.6463  68.9241  69.1285  69.5175  69.9243  70.0481  70.1508  
67.0573  67.808  67.9474  68.6472  68.9247  69.1287  69.5181  69.9241  70.047  70.1494  
67.0667  67.8169  67.9561  68.6544  68.9304  69.1309  69.5227  69.9248  70.0443  70.1457  
67.0478  67.8007  67.941  68.6422  68.922  69.1266  69.515  69.9245  70.0462  70.1492  
67.0541  67.8056  67.9454  68.6457  68.9241  69.128  69.5171  69.9245  70.0468  70.1493  
67.0516  67.8021  67.9417  68.6412  68.9189  69.1231  69.512  69.918  70.0413  70.1437  
67.0629  67.8105  67.9496  68.6468  68.9236  69.1279  69.5149  69.9198  70.0433  70.1454  
67.0729  67.8188  67.9571  68.6528  68.9275  69.1302  69.5186  69.92  70.0434  70.1449  
67.0723  67.8181  67.9564  68.6522  68.9269  69.1301  69.5182  69.9199  70.0439  70.1455  
67.0691  67.8143  67.9523  68.6485  68.923  69.1281  69.5152  69.9173  70.0436  70.1454  
67.0655  67.8105  67.9483  68.6451  68.9201  69.1273  69.513  69.9168  70.0459  70.1482  
67.068  67.8136  67.9522  68.6479  68.9239  69.1281  69.5147  69.9194  70.046  70.1486  
67.0663  67.8113  67.9493  68.6457  68.9211  69.1277  69.5134  69.9179  70.0469  70.1494  
67.0506  67.797  67.9354  68.6343  68.9121  69.1233  69.5058  69.9157  70.0484  70.152  
67.0511  67.7976  67.9362  68.6349  68.9128  69.1234  69.5061  69.9161  70.0482  70.1519  
67.0513  67.7979  67.9365  68.6352  68.9131  69.1236  69.5065  69.9163  70.0483  70.152  
67.0665  67.8107  67.9483  68.6446  68.9198  69.1273  69.5124  69.9174  70.0487  70.1515  
67.0447  67.792  67.9309  68.6307  68.91  69.1225  69.5038  69.9167  70.0503  70.1546  
67.0423  67.7894  67.9282  68.628  68.9073  69.1204  69.5012  69.9143  70.0489  70.1533  
67.0459  67.7932  67.9323  68.6313  68.9103  69.121  69.5032  69.9148  70.0467  70.1507  
67.0409  67.7876  67.9262  68.6265  68.9055  69.1199  69.5002  69.9133  70.0492  70.1535  
67.0432  67.7899  67.9288  68.6276  68.9061  69.1173  69.4994  69.91  70.0425  70.1462  
