65.9787  66.591  66.6555  67.3231  67.4823  67.7787  68.1335  68.4315  68.7879  68.9077  68.9777  69.4298  69.6484  69.7687  69.7933  69.8213  
65.9753  66.5883  66.653  67.3209  67.4803  67.7754  68.132  68.4306  68.7886  68.9095  68.977  69.4302  69.6492  69.7659  69.794  69.8213  
65.9814  66.5934  66.6578  67.3252  67.4843  67.7812  68.1349  68.4324  68.7867  68.9057  68.9784  69.4295  69.6474  69.7714  69.7928  69.8213  
65.979  66.5915  66.6561  67.3238  67.4835  67.78  68.1343  68.4331  68.7889  68.9089  68.9784  69.4318  69.6495  69.7705  69.7948  69.8217  
65.9691  66.5819  66.6462  67.3151  67.4743  67.7715  68.1279  68.4271  68.791  68.9132  68.9751  69.4301  69.6525  69.7652  69.7973  69.8214  
65.962  66.5731  66.6368  67.3058  67.4638  67.7648  68.1195  68.4175  68.7891  68.9118  68.9686  69.4232  69.6531  69.7645  69.7981  69.8174  
65.9784  66.5875  66.651  67.3187  67.4764  67.781  68.129  68.4247  68.7856  68.9034  68.9742  69.4241  69.6493  69.7788  69.7956  69.8192  
65.9926  66.5998  66.6627  67.3293  67.4863  67.7933  68.1366  68.4297  68.7827  68.8965  68.9784  69.4239  69.6466  69.7903  69.7939  69.8205  
65.9937  66.6007  66.6637  67.3301  67.4871  67.7942  68.1372  68.43  68.7825  68.896  68.9788  69.4238  69.6463  69.7911  69.7937  69.8206  
66.001  66.607  66.6697  67.3359  67.4926  67.8019  68.1422  68.4341  68.7846  68.8963  68.983  69.4266  69.6495  69.7973  69.8008  69.8244  
66.0008  66.6069  66.6696  67.3358  67.4925  67.8018  68.1421  68.434  68.7846  68.8963  68.983  69.4266  69.6496  69.7974  69.8009  69.8244  
66.0062  66.6116  66.6741  67.3398  67.4962  67.8058  68.1451  68.4362  68.7844  68.895  68.9849  69.427  69.6492  69.7971  69.804  69.8253  
66.011  66.6162  66.6785  67.3443  67.5003  67.8105  68.1488  68.4387  68.7835  68.8922  68.9877  69.4279  69.649  69.7973  69.8098  69.8273  
66.0153  66.6203  66.6825  67.3484  67.5045  67.8155  68.153  68.443  68.788  68.8966  68.992  69.4323  69.6532  69.8014  69.8143  69.8315  
66.0128  66.6182  66.6804  67.3467  67.5029  67.8141  68.1519  68.4421  68.7875  68.8962  68.9914  69.432  69.653  69.8011  69.8136  69.8315  
66.0193  66.6259  66.6886  67.3543  67.5112  67.818  68.1579  68.4487  68.7872  68.8954  68.995  69.4354  69.65  69.7979  69.8111  69.8323  
66.0224  66.6289  66.6917  67.357  67.514  67.82  68.16  68.4508  68.7874  68.8953  68.9962  69.4362  69.6492  69.7968  69.8105  69.8325  
66.0361  66.6411  66.7035  67.3669  67.5228  67.8267  68.1671  68.4553  68.7881  68.8945  69.0005  69.4362  69.6482  69.7952  69.8122  69.8342  
66.0307  66.6364  66.6989  67.3637  67.5203  67.8267  68.1655  68.4552  68.789  68.8955  69.0003  69.4386  69.6506  69.7983  69.8164  69.8353  
66.0305  66.6365  66.699  67.3642  67.5209  67.8278  68.1665  68.4564  68.7905  68.8969  69.0019  69.4405  69.6526  69.8004  69.8186  69.8373  
66.0309  66.6369  66.6993  67.3646  67.5212  67.8281  68.1667  68.4565  68.7905  68.8967  69.002  69.4405  69.6525  69.8003  69.8188  69.8373  
66.0322  66.6379  66.7004  67.3653  67.5218  67.8283  68.1672  68.4567  68.7907  68.897  69.0022  69.4402  69.6525  69.8002  69.8184  69.8374  
66.0245  66.6312  66.6939  67.3597  67.5167  67.8236  68.1632  68.454  68.7906  68.8981  68.9999  69.4399  69.653  69.8006  69.8155  69.8367  
66.02  66.6273  66.6901  67.3563  67.5135  67.8199  68.1604  68.4516  68.7889  68.8972  68.9976  69.4384  69.6513  69.7989  69.8119  69.8348  
66.0247  66.6306  66.6931  67.3578  67.5144  67.8199  68.1598  68.4496  68.7848  68.8922  68.995  69.4334  69.6458  69.7933  69.8083  69.8303  
66.0319  66.6371  66.6995  67.3634  67.5196  67.8243  68.1639  68.4524  68.7842  68.8902  68.9973  69.4336  69.6447  69.7922  69.8109  69.8309  
66.0257  66.6318  66.6944  67.3593  67.516  67.8214  68.1612  68.451  68.7843  68.8911  68.9959  69.4343  69.6451  69.7928  69.8095  69.8307  
66.0171  66.6244  66.6873  67.3532  67.5105  67.8164  68.157  68.4485  68.7855  68.894  68.9939  69.4349  69.6469  69.7945  69.8066  69.8306  
66.0171  66.6244  66.6873  67.3532  67.5105  67.8164  68.157  68.4485  68.7855  68.894  68.9939  69.4349  69.6469  69.7945  69.8066  69.8306  
66.0117  66.6193  66.6823  67.3488  67.5063  67.8129  68.1538  68.446  68.7859  68.8955  68.992  69.4344  69.6479  69.7954  69.8045  69.8299  
66.006  66.6145  66.6778  67.3444  67.5021  67.8069  68.1507  68.4439  68.7884  68.9004  68.9904  69.4346  69.6496  69.7962  69.7971  69.8298  
66.002  66.6109  66.6742  67.3421  67.5007  67.8091  68.1491  68.4434  68.7847  68.8947  68.9892  69.4349  69.6481  69.7964  69.8052  69.8286  
66.0088  66.6169  66.6801  67.347  67.5049  67.8119  68.1526  68.4456  68.7855  68.8951  68.9913  69.4349  69.6478  69.7956  69.8048  69.8296  
65.9985  66.6079  66.6711  67.3403  67.4987  67.8084  68.1493  68.4441  68.7907  68.9021  68.9919  69.4389  69.6554  69.8032  69.8077  69.8339  
66.0068  66.6143  66.6774  67.3442  67.5021  67.8105  68.1507  68.4447  68.7914  68.903  68.991  69.4371  69.6543  69.8021  69.8056  69.8308  
66.0147  66.6213  66.6843  67.3498  67.507  67.813  68.1548  68.4473  68.793  68.9046  68.9935  69.4372  69.6542  69.8011  69.8034  69.8321  
66.0165  66.6229  66.6858  67.3512  67.5083  67.8143  68.1558  68.448  68.7927  68.9039  68.9941  69.4371  69.6539  69.8009  69.8045  69.8323  
66.0197  66.6255  66.6881  67.3533  67.5101  67.8175  68.1576  68.4491  68.794  68.9044  68.9958  69.438  69.6556  69.8027  69.8086  69.8339  
66.0277  66.6325  66.6949  67.3594  67.5156  67.8232  68.162  68.452  68.7928  68.9014  68.9983  69.4379  69.6543  69.8018  69.8134  69.8347  
66.038  66.6433  66.7059  67.3694  67.526  67.8298  68.1699  68.4596  68.7929  68.9002  69.0032  69.4414  69.6518  69.799  69.8134  69.8364  
66.0374  66.6419  66.7042  67.3677  67.5238  67.8293  68.1683  68.4573  68.7928  68.8999  69.0021  69.4397  69.6526  69.7999  69.815  69.8361  
66.0472  66.6504  66.7123  67.3752  67.5309  67.8378  68.174  68.4619  68.7932  68.8979  69.0058  69.4417  69.653  69.8009  69.8233  69.8378  
66.0481  66.6515  66.7134  67.3763  67.532  67.8384  68.1749  68.4629  68.7932  68.8978  69.0064  69.4422  69.6527  69.8005  69.823  69.8379  
66.0478  66.6511  66.7131  67.3758  67.5316  67.8379  68.1744  68.4624  68.7928  68.8975  69.0059  69.4417  69.6522  69.8  69.8224  69.8374  
66.0591  66.6616  66.7234  67.3843  67.5393  67.8421  68.1806  68.4666  68.7946  68.8992  69.0096  69.442  69.6515  69.7983  69.8197  69.8391  
66.0537  66.6567  66.7184  67.3806  67.5362  67.8418  68.1778  68.4649  68.7915  68.8946  69.0076  69.4419  69.6507  69.7987  69.8252  69.8375  
66.0592  66.6618  66.7234  67.3854  67.5407  67.8464  68.1821  68.4688  68.7944  68.897  69.0113  69.4448  69.653  69.8008  69.8285  69.8406  
66.0493  66.653  66.715  67.3781  67.5342  67.8408  68.1769  68.4654  68.7947  68.8991  69.0083  69.4448  69.6541  69.802  69.8253  69.8396  
66.0569  66.6592  66.7207  67.3829  67.538  67.845  68.18  68.4665  68.7942  68.8969  69.0099  69.4436  69.6536  69.8016  69.829  69.8401  
66.0475  66.6513  66.7133  67.3772  67.5334  67.8423  68.1774  68.4666  68.7997  68.9049  69.0106  69.4485  69.6596  69.8075  69.8288  69.8435  
