66.0507  66.7097  66.7781  67.4966  67.6724  67.9926  68.3629  68.6961  69.0613  69.1882  69.2582  69.7621  69.9471  70.0574  70.097  70.1403  
66.0472  66.7068  66.7754  67.4942  67.6702  67.9893  68.3612  68.695  69.0618  69.1897  69.2573  69.7624  69.9485  70.0566  70.0985  70.1404  
66.0543  66.713  66.7813  67.4994  67.6752  67.9952  68.3648  68.6973  69.0596  69.1856  69.2589  69.7614  69.945  70.0582  70.095  70.1399  
66.0505  66.7097  66.7781  67.4969  67.6733  67.9943  68.3636  68.6978  69.0633  69.1904  69.2591  69.7647  69.9491  70.0596  70.0991  70.1412  
66.0411  66.7004  66.7686  67.4884  67.664  67.9855  68.3573  68.6915  69.0656  69.1951  69.256  69.7633  69.9543  70.0589  70.1047  70.1416  
66.0366  66.6941  66.7617  67.4808  67.655  67.9781  68.3496  68.6819  69.0622  69.1923  69.2493  69.7553  69.9542  70.0587  70.1053  70.1368  
66.0542  66.7101  66.7774  67.4953  67.6693  67.9947  68.3606  68.6906  69.059  69.1841  69.2556  69.7563  69.947  70.0637  70.098  70.1382  
66.0705  66.7246  66.7914  67.5079  67.6812  68.008  68.37  68.6972  69.0566  69.1776  69.2609  69.7562  69.9414  70.0674  70.0919  70.1392  
66.0719  66.7258  66.7925  67.509  67.6821  68.009  68.3707  68.6977  69.0565  69.1771  69.2613  69.7562  69.9409  70.0676  70.0915  70.1393  
66.0829  66.7358  66.8022  67.5186  67.6913  68.0204  68.3796  68.7055  69.0623  69.1811  69.2693  69.7623  69.9458  70.0759  70.0958  70.1462  
66.0828  66.7357  66.8021  67.5184  67.6912  68.0203  68.3794  68.7054  69.0623  69.1812  69.2692  69.7623  69.9459  70.0761  70.096  70.1462  
66.089  66.7413  66.8074  67.5233  67.6957  68.0248  68.3831  68.7081  69.0624  69.18  69.2715  69.7628  69.9446  70.0769  70.0943  70.147  
66.0945  66.7465  66.8124  67.5286  67.7007  68.0312  68.3881  68.7121  69.0632  69.179  69.2757  69.765  69.9443  70.08  70.0936  70.1503  
66.1014  66.7533  66.819  67.5355  67.7075  68.0388  68.3951  68.7191  69.0708  69.1864  69.2829  69.7724  69.9513  70.0864  70.1003  70.1575  
66.0985  66.7508  66.8166  67.5336  67.7057  68.0372  68.3938  68.7181  69.0702  69.186  69.2822  69.7721  69.9512  70.086  70.1001  70.1574  
66.1042  66.7576  66.8239  67.5404  67.7135  68.0416  68.3993  68.7244  69.0692  69.1842  69.2852  69.7748  69.9468  70.0825  70.0952  70.1574  
66.107  66.7604  66.8267  67.5428  67.716  68.0436  68.4011  68.7263  69.0692  69.184  69.2862  69.7754  69.9455  70.0813  70.0935  70.1573  
66.1224  66.7743  66.8403  67.5543  67.7263  68.0508  68.4093  68.7314  69.0692  69.1824  69.2908  69.7748  69.9428  70.0806  70.0901  70.1586  
66.1181  66.7706  66.8366  67.5523  67.725  68.053  68.4092  68.7331  69.073  69.1861  69.2926  69.7796  69.9471  70.0852  70.0946  70.1617  
66.117  66.7699  66.8358  67.5524  67.7252  68.0547  68.4104  68.7348  69.0762  69.1893  69.295  69.7829  69.951  70.0888  70.0985  70.1653  
66.1175  66.7704  66.8362  67.5528  67.7256  68.055  68.4107  68.7351  69.0762  69.1892  69.2952  69.7829  69.9509  70.0888  70.0983  70.1653  
66.1188  66.7715  66.8373  67.5535  67.7262  68.0551  68.4112  68.7351  69.0762  69.1893  69.2953  69.7826  69.9509  70.0887  70.0983  70.1653  
66.1097  66.7634  66.8295  67.5468  67.72  68.0495  68.4062  68.7317  69.0759  69.1902  69.2926  69.7823  69.9525  70.0882  70.1003  70.1647  
66.1034  66.7577  66.824  67.5416  67.715  68.0441  68.4017  68.7277  69.0727  69.1878  69.2886  69.7793  69.9501  70.0848  70.0981  70.1615  
66.1117  66.7644  66.8306  67.5453  67.7179  68.043  68.4015  68.7249  69.0641  69.1781  69.2841  69.7703  69.9386  70.076  70.0866  70.1529  
66.1202  66.7721  66.8382  67.552  67.7242  68.0485  68.4064  68.7285  69.0636  69.1762  69.2868  69.7705  69.9361  70.0758  70.0836  70.1533  
66.113  66.7659  66.8321  67.5471  67.7199  68.0451  68.4031  68.7267  69.0638  69.1773  69.2852  69.7713  69.9374  70.0758  70.0852  70.1532  
66.1024  66.7565  66.823  67.5394  67.7129  68.0393  68.3979  68.7235  69.0655  69.1807  69.283  69.7726  69.9416  70.0769  70.09  70.1539  
66.1024  66.7565  66.823  67.5394  67.7129  68.0393  68.3979  68.7235  69.0655  69.1807  69.283  69.7726  69.9416  70.0769  70.09  70.1539  
66.0962  66.7508  66.8174  67.5343  67.708  68.0351  68.3941  68.7205  69.0659  69.1822  69.2808  69.7722  69.9436  70.0769  70.0923  70.1535  
66.0889  66.7444  66.8113  67.5285  67.7024  68.0276  68.3897  68.7171  69.0673  69.1862  69.2784  69.7719  69.947  70.0747  70.096  70.1533  
66.0855  66.7412  66.808  67.5268  67.7016  68.0317  68.389  68.7179  69.0658  69.1826  69.278  69.7734  69.9447  70.0778  70.0938  70.1526  
66.0928  66.7479  66.8146  67.5322  67.7063  68.0343  68.3928  68.7201  69.0658  69.1822  69.2801  69.7729  69.9437  70.077  70.0925  70.1533  
66.0794  66.7359  66.8025  67.5235  67.6982  68.0315  68.3893  68.7193  69.0761  69.1946  69.2829  69.7814  69.9587  70.0872  70.1079  70.1622  
66.0866  66.741  66.8075  67.5259  67.7001  68.0318  68.3889  68.7181  69.0746  69.1934  69.2799  69.7774  69.9559  70.0843  70.1053  70.157  
66.0949  66.7487  66.8152  67.532  67.7055  68.0338  68.3931  68.7205  69.075  69.1937  69.2823  69.7767  69.9552  70.0828  70.1041  70.1578  
66.097  66.7506  66.817  67.5336  67.707  68.0354  68.3943  68.7213  69.0748  69.193  69.283  69.7767  69.9545  70.083  70.1034  70.1579  
66.1022  66.755  66.8211  67.5376  67.7105  68.04  68.3979  68.7241  69.0775  69.1951  69.2863  69.7789  69.957  70.0867  70.1057  70.1609  
66.1118  66.7637  66.8295  67.5452  67.7175  68.0468  68.4035  68.728  69.0767  69.1923  69.2894  69.779  69.9541  70.0876  70.1024  70.1616  
66.122  66.7743  66.8404  67.5552  67.728  68.0543  68.4114  68.7358  69.0762  69.1904  69.2941  69.7818  69.9496  70.0851  70.0971  70.1625  
66.1224  66.7738  66.8396  67.5542  67.7264  68.0539  68.4104  68.7338  69.0764  69.1904  69.2934  69.7804  69.9506  70.0865  70.0982  70.1625  
66.1387  66.7885  66.8538  67.5673  67.7388  68.067  68.4208  68.7426  69.0792  69.1905  69.3004  69.7842  69.9493  70.0896  70.0961  70.1656  
66.1394  66.7894  66.8548  67.5682  67.7399  68.0676  68.4216  68.7434  69.0791  69.1904  69.3008  69.7846  69.9488  70.0892  70.0956  70.1656  
66.1392  66.7891  66.8545  67.5678  67.7395  68.067  68.421  68.7429  69.0784  69.1897  69.3001  69.7838  69.9481  70.0885  70.0949  70.1648  
66.1506  66.7997  66.8651  67.5763  67.7471  68.07  68.4268  68.7463  69.0783  69.1894  69.3031  69.7829  69.9464  70.0864  70.0927  70.1655  
66.1467  66.7959  66.8611  67.5738  67.7452  68.0723  68.4254  68.7462  69.0774  69.1871  69.3024  69.7839  69.9447  70.0876  70.0909  70.1646  
66.1544  66.8033  66.8683  67.5808  67.7519  68.079  68.4318  68.7521  69.0821  69.1913  69.3081  69.7887  69.9482  70.0912  70.0939  70.1695  
66.1421  66.7923  66.8577  67.5715  67.7435  68.0718  68.4251  68.7475  69.0822  69.1932  69.3043  69.7887  69.9511  70.0917  70.0976  70.1686  
66.1524  66.801  66.8658  67.5785  67.7493  68.0775  68.43  68.75  69.0822  69.1915  69.307  69.7877  69.9492  70.092  70.0951  70.1693  
66.1425  66.7929  66.8581  67.573  67.745  68.0754  68.4283  68.7514  69.0905  69.2022  69.3096  69.7958  69.9607  70.0992  70.1074  70.176  
