66.3191  67.3436  67.5571  68.4238  68.8394  68.9635  69.4694  69.9319  70.0235  70.0507  
66.3174  67.3431  67.5572  68.4243  68.8407  68.9641  69.4702  69.9318  70.0248  70.0506  
66.3225  67.3452  67.558  68.4239  68.8383  68.963  69.4685  69.9322  70.0219  70.0512  
66.3203  67.3447  67.5586  68.4249  68.8416  68.9659  69.4703  69.9339  70.0259  70.0528  
66.3129  67.3392  67.553  68.4228  68.8403  68.9675  69.4713  69.9354  70.0283  70.0539  
66.3066  67.3305  67.5424  68.4146  68.8307  68.9649  69.4657  69.9364  70.0237  70.0549  
66.3203  67.3379  67.5471  68.4161  68.8279  68.9638  69.464  69.9384  70.0189  70.0569  
66.3318  67.3428  67.5489  68.4159  68.8232  68.9629  69.4615  69.9409  70.0139  70.0593  
66.3327  67.3433  67.549  68.4159  68.8229  68.9628  69.4613  69.9411  70.0134  70.0594  
66.3389  67.3462  67.5504  68.4172  68.8227  68.9668  69.4632  69.9479  70.0152  70.0657  
66.3389  67.3462  67.5504  68.4172  68.8226  68.9669  69.4631  69.9481  70.0152  70.0659  
66.343  67.3483  67.5514  68.4177  68.8217  68.9671  69.4629  69.949  70.014  70.0666  
66.3462  67.3491  67.5506  68.4173  68.8196  68.9678  69.4628  69.9522  70.0133  70.0694  
66.3512  67.3538  67.5552  68.422  68.8242  68.9732  69.4676  69.9572  70.0181  70.0741  
66.3485  67.3521  67.5538  68.4212  68.8238  68.9724  69.4674  69.9567  70.0183  70.0737  
66.3545  67.3591  67.5622  68.4263  68.8294  68.9713  69.4691  69.9525  70.0183  70.0697  
66.3561  67.3609  67.5642  68.4275  68.8307  68.9709  69.4693  69.951  70.0179  70.0682  
66.3689  67.3695  67.5708  68.4317  68.8309  68.9709  69.4704  69.9508  70.0143  70.0675  
66.3631  67.3649  67.5666  68.4295  68.831  68.9737  69.4707  69.9549  70.0185  70.0715  
66.3629  67.3653  67.567  68.4308  68.8326  68.9761  69.473  69.9579  70.0214  70.0744  
66.3633  67.3654  67.5671  68.4308  68.8324  68.9761  69.4729  69.958  70.0213  70.0745  
66.3647  67.3665  67.5681  68.4315  68.8327  68.976  69.4732  69.9577  70.0209  70.0742  
66.3583  67.3632  67.5662  68.4306  68.8338  68.9755  69.4737  69.9567  70.0227  70.0736  
66.3543  67.3609  67.5646  68.4292  68.8331  68.9733  69.4724  69.9538  70.0217  70.0709  
66.3582  67.3612  67.5636  68.4258  68.8272  68.9671  69.466  69.9468  70.0126  70.0639  
66.3639  67.3641  67.5652  68.4264  68.8259  68.9669  69.4652  69.9472  70.0104  70.064  
66.3586  67.3613  67.5635  68.4257  68.8271  68.9671  69.4657  69.9469  70.0126  70.064  
66.3518  67.3583  67.5623  68.4258  68.8298  68.9681  69.4676  69.9471  70.0164  70.0645  
66.3518  67.3583  67.5623  68.4258  68.8298  68.9681  69.4676  69.9471  70.0164  70.0645  
66.3474  67.3557  67.5605  68.425  68.8303  68.9683  69.468  69.9469  70.0179  70.0645  
66.3442  67.3564  67.5633  68.428  68.835  68.9689  69.471  69.9444  70.0206  70.0624  
66.3374  67.3484  67.5543  68.4207  68.8291  68.9683  69.4663  69.9478  70.0204  70.0656  
66.3443  67.3536  67.5589  68.4239  68.8302  68.9683  69.4675  69.947  70.0188  70.0647  
66.3365  67.3501  67.5566  68.4258  68.8353  68.9758  69.4743  69.9558  70.0295  70.0734  
66.3445  67.3546  67.5605  68.4269  68.8354  68.9761  69.4723  69.954  70.0266  70.0716  
66.3529  67.3616  67.5672  68.4316  68.8379  68.9761  69.4746  69.9523  70.0251  70.0699  
66.3543  67.3623  67.5674  68.4316  68.8374  68.9761  69.4743  69.9526  70.0244  70.0701  
66.3574  67.3635  67.5676  68.4322  68.8368  68.9782  69.4752  69.9559  70.0251  70.0731  
66.3635  67.3661  67.5683  68.4319  68.8342  68.9778  69.4738  69.9572  70.0223  70.0741  
66.3721  67.374  67.5766  68.4371  68.8386  68.9772  69.4753  69.9543  70.0215  70.0712  
66.3714  67.3719  67.5734  68.435  68.8356  68.9775  69.4742  69.9561  70.0206  70.0728  
66.3783  67.3737  67.5728  68.4338  68.8324  68.9795  69.4723  69.96  70.0189  70.0758  
66.3791  67.3747  67.574  68.4345  68.8332  68.9794  69.4726  69.9596  70.019  70.0753  
66.3789  67.3744  67.5737  68.4341  68.8328  68.9789  69.4721  69.9589  70.0184  70.0747  
66.3912  67.3849  67.5839  68.4411  68.8369  68.9787  69.4752  69.9563  70.0162  70.0722  
66.3823  67.3751  67.573  68.4328  68.8301  68.9782  69.47  69.9593  70.0159  70.0746  
66.3877  67.3793  67.5766  68.4363  68.8327  68.9816  69.473  69.9624  70.0182  70.0773  
66.3801  67.3758  67.5752  68.4359  68.8352  68.9816  69.4741  69.9615  70.0214  70.0772  
66.3855  67.3769  67.5738  68.4345  68.8308  68.9817  69.4722  69.9634  70.018  70.0783  
66.3804  67.3775  67.5773  68.4394  68.8398  68.9875  69.4794  69.9672  70.0279  70.0828  
