67.2771  67.9626  68.0412  68.7818  68.9908  69.3361  69.6594  70.0293  70.2758  70.3641  70.5432  
67.278  67.9636  68.0421  68.7827  68.9916  69.3363  69.6602  70.0299  70.276  70.3644  70.5439  
67.277  67.9627  68.0414  68.7819  68.9911  69.3359  69.6595  70.0296  70.2759  70.3643  70.5433  
67.2763  67.9621  68.0409  68.7814  68.9912  69.3364  69.6589  70.0302  70.276  70.3645  70.5425  
67.2763  67.9615  68.0395  68.7808  68.9891  69.3363  69.6591  70.0284  70.277  70.3656  70.5435  
67.2717  67.9556  68.0328  68.7752  68.9819  69.3344  69.6551  70.0231  70.2785  70.3674  70.5421  
67.2706  67.955  68.0328  68.7749  68.9826  69.3341  69.6547  70.0241  70.278  70.3671  70.5413  
67.268  67.9527  68.0308  68.7729  68.9814  69.3332  69.6531  70.0237  70.2778  70.3673  70.54  
67.2678  67.9525  68.0306  68.7727  68.9813  69.3331  69.653  70.0237  70.2778  70.3673  70.5399  
67.2616  67.9468  68.0253  68.7681  68.9774  69.331  69.6499  70.0219  70.278  70.3678  70.5385  
67.2616  67.9468  68.0253  68.7681  68.9774  69.331  69.6499  70.0219  70.2781  70.3679  70.5385  
67.2612  67.9465  68.025  68.7679  68.9774  69.3312  69.6498  70.0222  70.2784  70.3683  70.5385  
67.2569  67.943  68.022  68.7654  68.9757  69.33  69.6483  70.022  70.2784  70.3685  70.538  
67.2562  67.9425  68.0214  68.7651  68.9754  69.3296  69.6481  70.0218  70.2783  70.3685  70.5379  
67.2548  67.9415  68.0204  68.7645  68.9749  69.3294  69.648  70.0218  70.2783  70.3685  70.5382  
67.2577  67.9455  68.0252  68.7683  68.9801  69.33  69.6503  70.0254  70.2759  70.3658  70.5384  
67.2584  67.9463  68.0261  68.7689  68.9811  69.3303  69.6506  70.026  70.2752  70.3648  70.5381  
67.2664  67.9532  68.0328  68.7739  68.9849  69.3316  69.6535  70.0265  70.2749  70.3643  70.5393  
67.255  67.9434  68.0235  68.7667  68.9796  69.3294  69.6491  70.0256  70.2751  70.365  70.5372  
67.2549  67.9433  68.0235  68.7668  68.9797  69.3296  69.6492  70.0259  70.2755  70.3654  70.5374  
67.2548  67.9433  68.0235  68.7667  68.9796  69.3295  69.6491  70.0259  70.2755  70.3654  70.5374  
67.2569  67.945  68.0251  68.7679  68.9804  69.3299  69.6498  70.0258  70.2754  70.3653  70.5377  
67.2568  67.9451  68.025  68.7681  68.9804  69.3298  69.6503  70.0259  70.2755  70.3652  70.5383  
67.2583  67.9465  68.0264  68.7694  68.9815  69.3304  69.6512  70.0265  70.2754  70.365  70.5389  
67.2576  67.9458  68.0256  68.7687  68.9806  69.3297  69.6505  70.0255  70.2744  70.3641  70.5381  
67.2566  67.945  68.0251  68.7681  68.9806  69.3293  69.65  70.0257  70.2741  70.3639  70.5375  
67.2544  67.9435  68.0236  68.7673  68.9801  69.3292  69.6498  70.0261  70.2741  70.3639  70.5377  
67.2556  67.9445  68.0244  68.7681  68.9804  69.3295  69.6504  70.0262  70.2742  70.3639  70.5382  
67.2556  67.9445  68.0244  68.7681  68.9804  69.3295  69.6504  70.0262  70.2742  70.3639  70.5382  
67.2559  67.9446  68.0242  68.7681  68.98  69.3296  69.6505  70.0257  70.2745  70.3641  70.5385  
67.2646  67.952  68.0311  68.7738  68.984  69.3315  69.6543  70.0265  70.2746  70.3637  70.5407  
67.2453  67.9357  68.0159  68.7617  68.9756  69.328  69.6466  70.0254  70.2747  70.3646  70.5366  
67.2522  67.9416  68.0215  68.766  68.9788  69.3291  69.6492  70.0259  70.2744  70.3641  70.5379  
67.2525  67.9415  68.021  68.766  68.978  69.3297  69.6497  70.0256  70.2763  70.3661  70.5391  
67.2622  67.9485  68.0277  68.77  68.9813  69.3322  69.6509  70.0255  70.2765  70.3662  70.5376  
67.2729  67.9577  68.0364  68.7768  68.9863  69.3341  69.6551  70.0264  70.2762  70.3655  70.5396  
67.2725  67.9574  68.0362  68.7766  68.9861  69.334  69.6549  70.0263  70.2762  70.3655  70.5395  
67.2708  67.9555  68.0342  68.7749  68.9844  69.3333  69.6537  70.0252  70.2765  70.366  70.539  
67.2683  67.9534  68.0324  68.7732  68.9833  69.3326  69.6525  70.025  70.2764  70.3661  70.5381  
67.2708  67.9569  68.0366  68.7766  68.988  69.3336  69.6547  70.0284  70.2748  70.3642  70.5384  
67.2698  67.9553  68.0347  68.7749  68.9857  69.3332  69.6535  70.0267  70.2756  70.3652  70.5381  
67.256  67.9434  68.0237  68.7659  68.9791  69.3298  69.6474  70.0249  70.2749  70.3652  70.5346  
67.2565  67.944  68.0244  68.7665  68.9798  69.3299  69.6478  70.0254  70.2747  70.3649  70.5347  
67.2564  67.9439  68.0243  68.7663  68.9797  69.3298  69.6477  70.0252  70.2745  70.3648  70.5345  
67.272  67.9576  68.0373  68.7766  68.9877  69.3327  69.6541  70.0271  70.274  70.3636  70.5376  
67.2506  67.9392  68.0202  68.7629  68.9777  69.3286  69.6453  70.0253  70.2741  70.3648  70.533  
67.2501  67.9389  68.02  68.7628  68.9777  69.3284  69.6453  70.0255  70.274  70.3647  70.533  
67.2521  67.9406  68.0213  68.7641  68.9785  69.329  69.6463  70.0256  70.2742  70.3646  70.5338  
67.2489  67.9374  68.0182  68.7613  68.9759  69.3279  69.6443  70.0242  70.2745  70.3653  70.5327  
67.2514  67.9398  68.0201  68.7634  68.9771  69.3286  69.6461  70.0246  70.2746  70.365  70.5341  
