-7.99997  2.73185  0
-7.99971  2.73455  0
-7.98934  2.73488  0
-7.98675  2.73406  0
-7.9893  2.73179  0
-8.00003  2.72909  0
-7.98978  2.73117  0
-7.99234  2.7311  0
-7.99358  2.73169  0
-7.98035  2.7321  0
-8.00562  2.72845  0
-8.00155  2.72601  0
-8.00387  2.72662  0
-8.00019  2.72778  0
-8.0033  2.72259  0
-8.00526  2.7183  0
-7.99163  2.71917  0
-7.99881  2.7176  0
-8.00752  2.71461  0
-7.99623  2.72079  0
-7.99928  2.7212  0
-7.99825  2.72133  0
-7.99637  2.71995  0
-7.99605  2.72037  0
-7.99488  2.72095  0
-7.98986  2.72191  0
-7.97662  2.72592  0
-7.98508  2.72411  0
-7.98072  2.72486  0
-7.99362  2.72152  0
-7.98874  2.72124  0
-7.99466  2.7238  0
-7.99589  2.72282  0
-7.99313  2.72308  0
-7.98871  2.72509  0
-7.99528  2.72518  0
