0
4.00080e-02
8.00080e-02
1.20008e-01
1.60008e-01
2.00008e-01
2.40008e-01
2.80008e-01
3.20008e-01
3.60008e-01
4.00008e-01
4.40008e-01
4.80008e-01
5.20008e-01
5.60008e-01
6.00008e-01
6.40008e-01
6.80008e-01
7.20008e-01
7.60008e-01
8.00008e-01
8.40008e-01
8.80008e-01
9.20008e-01
9.60008e-01
1.00001e+00
1.04001e+00
1.08001e+00
1.12001e+00
1.16001e+00
1.20001e+00
1.24001e+00
1.28001e+00
1.32001e+00
1.36001e+00
1.40001e+00
1.44001e+00
1.48001e+00
1.52001e+00
1.56001e+00
1.60001e+00
1.64001e+00
1.68001e+00
1.72001e+00
1.76001e+00
1.80001e+00
1.84001e+00
1.88001e+00
1.92001e+00
1.96001e+00
2.00001e+00
2.04001e+00
2.08001e+00
2.12001e+00
2.16001e+00
2.20001e+00
2.24001e+00
2.28001e+00
2.32001e+00
2.36001e+00
2.40001e+00
2.44001e+00
2.48001e+00
2.52001e+00
2.56001e+00
2.60001e+00
2.64001e+00
2.68001e+00
2.72001e+00
2.76001e+00
2.80001e+00
2.84001e+00
2.88001e+00
2.92001e+00
2.96001e+00
3.00001e+00
3.04001e+00
3.08001e+00
3.12001e+00
3.16001e+00
3.20001e+00
3.24001e+00
3.28001e+00
3.32001e+00
3.36001e+00
3.40001e+00
3.44001e+00
3.48001e+00
3.52001e+00
3.56001e+00
3.60001e+00
3.64001e+00
3.68001e+00
3.72001e+00
3.76001e+00
3.80001e+00
3.84001e+00
3.88001e+00
3.92001e+00
3.96001e+00
4.00001e+00
4.04001e+00
4.08001e+00
4.12001e+00
4.16001e+00
4.20001e+00
4.24001e+00
4.28001e+00
4.32001e+00
4.36001e+00
4.40001e+00
4.44001e+00
4.48001e+00
4.52001e+00
4.56001e+00
4.60001e+00
4.64001e+00
4.68001e+00
4.72001e+00
4.76001e+00
4.80001e+00
4.84001e+00
4.88001e+00
4.92001e+00
4.96001e+00
5.00001e+00
5.04001e+00
5.08001e+00
5.12001e+00
5.16001e+00
5.20001e+00
5.24001e+00
5.28001e+00
5.32001e+00
5.36001e+00
5.40001e+00
5.44001e+00
5.48001e+00
5.52001e+00
5.56001e+00
5.60001e+00
5.64001e+00
5.68001e+00
5.72001e+00
5.76001e+00
5.80001e+00
5.84001e+00
5.88001e+00
5.92001e+00
5.96001e+00
6.00000e+00
6.04000e+00
6.08000e+00
6.12000e+00
6.16000e+00
6.20000e+00
6.24000e+00
6.28000e+00
6.32000e+00
6.36000e+00
6.40000e+00
6.44000e+00
6.48000e+00
6.52000e+00
6.56000e+00
6.60000e+00
6.64000e+00
6.68000e+00
6.72000e+00
6.76000e+00
6.80000e+00
6.84000e+00
6.88000e+00
6.92000e+00
6.96000e+00
7.00000e+00
7.04000e+00
7.08000e+00
7.12000e+00
7.16000e+00
7.20000e+00
7.24000e+00
7.28000e+00
7.32000e+00
7.36000e+00
7.40000e+00
7.44000e+00
7.48000e+00
7.52000e+00
7.56000e+00
7.60000e+00
7.64000e+00
7.68000e+00
7.72000e+00
7.76000e+00
7.80000e+00
7.84000e+00
7.88000e+00
7.92000e+00
7.96000e+00
8.00000e+00
8.04000e+00
8.08000e+00
8.12000e+00
8.16000e+00
8.20000e+00
8.24000e+00
8.28000e+00
8.32000e+00
8.36000e+00
8.40000e+00
8.44000e+00
8.48000e+00
8.52000e+00
8.56000e+00
8.60000e+00
8.64000e+00
8.68000e+00
8.72000e+00
8.76000e+00
8.80000e+00
8.84000e+00
8.88000e+00
8.92000e+00
8.96000e+00
9.00000e+00
9.04000e+00
9.08000e+00
9.12000e+00
9.16000e+00
9.20000e+00
9.24000e+00
9.28000e+00
9.32000e+00
9.36000e+00
9.40000e+00
9.44000e+00
9.48000e+00
9.52000e+00
9.56000e+00
9.60000e+00
9.64000e+00
9.68000e+00
9.72000e+00
9.76000e+00
9.80000e+00
9.84000e+00
9.88000e+00
9.92000e+00
9.96000e+00
1.00000e+01
1.00400e+01
1.00800e+01
1.01200e+01
1.01600e+01
1.02000e+01
1.02400e+01
1.02800e+01
1.03200e+01
1.03600e+01
1.04000e+01
1.04400e+01
1.04800e+01
1.05200e+01
1.05600e+01
1.06000e+01
1.06400e+01
1.06800e+01
1.07200e+01
1.07600e+01
1.08000e+01
1.08400e+01
1.08800e+01
1.09200e+01
1.09600e+01
1.10000e+01
1.10400e+01
1.10800e+01
1.11200e+01
1.11600e+01
1.12000e+01
1.12400e+01
1.12800e+01
1.13200e+01
1.13600e+01
1.14000e+01
1.14400e+01
1.14800e+01
1.15200e+01
1.15600e+01
1.16000e+01
1.16400e+01
1.16800e+01
1.17200e+01
1.17600e+01
1.18000e+01
1.18400e+01
1.18800e+01
1.19200e+01
1.19600e+01
1.20000e+01
1.20400e+01
1.20800e+01
1.21200e+01
1.21600e+01
1.22000e+01
1.22400e+01
1.22800e+01
1.23200e+01
1.23600e+01
1.24000e+01
1.24400e+01
1.24800e+01
1.25200e+01
1.25600e+01
1.26000e+01
1.26400e+01
1.26800e+01
1.27200e+01
1.27600e+01
1.28000e+01
1.28400e+01
1.28800e+01
1.29200e+01
1.29600e+01
1.30000e+01
1.30400e+01
1.30800e+01
1.31200e+01
1.31600e+01
1.32000e+01
1.32400e+01
1.32800e+01
1.33200e+01
1.33600e+01
1.34000e+01
1.34400e+01
1.34800e+01
1.35200e+01
1.35600e+01
1.36000e+01
1.36400e+01
1.36800e+01
1.37200e+01
1.37600e+01
1.38000e+01
1.38400e+01
1.38800e+01
1.39200e+01
1.39600e+01
1.40000e+01
1.40400e+01
1.40800e+01
1.41200e+01
1.41600e+01
1.42000e+01
1.42400e+01
1.42800e+01
1.43200e+01
1.43600e+01
1.44000e+01
1.44400e+01
1.44800e+01
1.45200e+01
1.45600e+01
1.46000e+01
1.46400e+01
1.46800e+01
1.47200e+01
1.47600e+01
1.48000e+01
1.48400e+01
1.48800e+01
1.49200e+01
1.49600e+01
1.50000e+01
1.50400e+01
1.50800e+01
1.51200e+01
1.51600e+01
1.52000e+01
1.52400e+01
1.52800e+01
1.53200e+01
1.53600e+01
1.54000e+01
1.54400e+01
1.54800e+01
1.55200e+01
1.55600e+01
1.56000e+01
1.56400e+01
1.56800e+01
1.57200e+01
1.57600e+01
1.58000e+01
1.58400e+01
1.58800e+01
1.59200e+01
1.59600e+01
1.60000e+01
