66.8647  67.4091  67.4658  68.0723  68.2168  68.5224  68.804  69.0644  69.3613  69.4376  69.5705  
66.8569  67.4024  67.4597  68.0671  68.2134  68.5209  68.8003  69.064  69.3612  69.4381  69.568  
66.8741  67.4204  67.4776  68.0859  68.2319  68.5396  68.8204  69.0836  69.3824  69.4596  69.5894  
66.8665  67.4137  67.4711  68.081  68.2277  68.5385  68.8178  69.0827  69.3845  69.4624  69.5891  
66.8257  67.3776  67.4364  68.0525  68.2036  68.5243  68.7981  69.0719  69.3818  69.4621  69.5781  
66.8098  67.3609  67.4196  68.0355  68.1865  68.5089  68.7813  69.0552  69.3678  69.4483  69.5618  
66.8243  67.377  67.436  68.053  68.2043  68.5258  68.8001  69.0742  69.3857  69.4664  69.5816  
66.8027  67.3593  67.4194  68.0409  68.1954  68.5229  68.7944  69.0745  69.3912  69.4736  69.5822  
66.8282  67.3808  67.4398  68.0571  68.2088  68.5318  68.8047  69.0796  69.3927  69.4737  69.5868  
66.8174  67.3722  67.4318  68.0512  68.2044  68.5293  68.8017  69.0794  69.3943  69.4762  69.5866  
66.7795  67.3348  67.395  68.0162  68.1714  68.5029  68.7699  69.0521  69.3727  69.4554  69.5583  
66.7922  67.3453  67.4046  68.0241  68.1773  68.5079  68.7755  69.0543  69.3756  69.4578  69.5621  
66.8031  67.355  67.4141  68.0324  68.1848  68.5141  68.7822  69.0596  69.3802  69.4622  69.5673  
66.8113  67.3619  67.4207  68.0371  68.1886  68.5153  68.7844  69.0598  69.3776  69.4589  69.5668  
66.8021  67.354  67.4129  68.0315  68.1835  68.5135  68.7818  69.0586  69.3808  69.463  69.5677  
66.7977  67.3496  67.4082  68.0278  68.179  68.5113  68.7795  69.0553  69.3814  69.4638  69.5673  
66.8055  67.3568  67.4152  68.0338  68.1843  68.5146  68.7842  69.0584  69.3831  69.4652  69.5706  
66.807  67.3554  67.4131  68.0292  68.178  68.5069  68.7762  69.0475  69.3709  69.4521  69.5594  
66.7989  67.3501  67.4084  68.0282  68.1788  68.5135  68.7808  69.0558  69.386  69.4687  69.5699  
66.8187  67.3679  67.4259  68.0421  68.1915  68.5188  68.789  69.0611  69.3822  69.4634  69.5719  
66.8141  67.3646  67.4229  68.0405  68.1909  68.52  68.7894  69.0634  69.3857  69.4674  69.574  
66.8171  67.3674  67.4257  68.0431  68.1932  68.5221  68.7916  69.0652  69.3874  69.469  69.576  
66.7845  67.3391  67.3987  68.0204  68.1742  68.5081  68.7752  69.0555  69.3818  69.4652  69.5657  
66.8203  67.3687  67.4264  68.0413  68.1901  68.5153  68.7863  69.057  69.3755  69.4561  69.567  
66.7979  67.3515  67.4108  68.0314  68.1844  68.5168  68.7842  69.0631  69.3862  69.4687  69.5723  
66.828  67.3766  67.4344  68.0489  68.1979  68.5215  68.7927  69.0636  69.378  69.4579  69.5718  
66.8491  67.3968  67.4545  68.0666  68.2149  68.5325  68.8066  69.0751  69.3819  69.4605  69.5812  
66.8442  67.393  67.4509  68.0645  68.2135  68.5331  68.8066  69.0766  69.3851  69.4642  69.5833  
66.8469  67.395  67.4528  68.0652  68.2136  68.5309  68.8054  69.074  69.38  69.4585  69.5802  
66.8101  67.3607  67.4192  68.0356  68.1866  68.5123  68.7822  69.0567  69.3727  69.4535  69.564  
66.8029  67.3533  67.4119  68.028  68.179  68.5045  68.7744  69.0489  69.3649  69.4457  69.556  
66.7983  67.3486  67.4074  68.0232  68.1749  68.5004  68.7694  69.045  69.3605  69.4415  69.5505  
66.7938  67.3446  67.4034  68.0204  68.1722  68.5  68.7682  69.0444  69.3626  69.4439  69.5512  
66.7904  67.3422  67.4012  68.0191  68.1717  68.5006  68.7683  69.0459  69.365  69.4467  69.5526  
66.7807  67.3363  67.3966  68.0188  68.1745  68.5091  68.7743  69.0579  69.3821  69.4657  69.5647  
66.7824  67.3378  67.398  68.0202  68.1758  68.5108  68.7756  69.0592  69.3835  69.4669  69.5658  
