66.1346  66.7858  66.8513  67.567  67.7395  68.0706  68.4239  68.7484  69.0908  69.2039  69.3071  69.7958  69.9628  70.0993  70.1099  70.1755  
66.1314  66.7832  66.8488  67.5654  67.7391  68.0723  68.4231  68.75  69.092  69.2049  69.3068  69.7987  69.963  70.1  70.1103  70.1749  
66.1617  66.8094  66.8745  67.585  67.7557  68.0803  68.4337  68.7531  69.0813  69.1907  69.3075  69.7867  69.9456  70.0884  70.0915  70.1666  
66.1681  66.8146  66.8791  67.5891  67.759  68.0846  68.4367  68.7547  69.082  69.1902  69.3094  69.7866  69.9449  70.0891  70.0904  70.1673  
66.1804  66.8257  66.8894  67.6001  67.7696  68.0991  68.447  68.7646  69.0891  69.1947  69.3183  69.7948  69.9484  70.0954  70.0926  70.1739  
66.1752  66.8212  66.8844  67.5977  67.7669  68.1013  68.448  68.7661  69.0974  69.2034  69.3236  69.802  69.9602  70.1061  70.1047  70.1833  
66.2013  66.8441  66.9069  67.6148  67.782  68.1082  68.4574  68.7701  69.0895  69.193  69.3242  69.793  69.945  70.0933  70.0876  70.1755  
66.2395  66.8773  66.9386  67.6421  67.8061  68.1294  68.4774  68.784  69.0958  69.1956  69.3364  69.7956  69.9425  70.0919  70.0819  70.1797  
66.1992  66.841  66.9036  67.6109  67.7778  68.1046  68.4527  68.7652  69.0855  69.189  69.3189  69.7878  69.9408  70.0895  70.0835  70.1698  
66.2219  66.8614  66.9232  67.6281  67.7932  68.1172  68.4657  68.7746  69.0894  69.1908  69.3274  69.7904  69.9402  70.0898  70.0812  70.1739  
66.2102  66.8516  66.9136  67.6231  67.7901  68.1234  68.4671  68.781  69.1053  69.2078  69.3356  69.8073  69.9598  70.1076  70.1017  70.1878  
66.1867  66.8295  66.8919  67.6031  67.7711  68.1071  68.4507  68.7669  69.0985  69.2032  69.3236  69.7999  69.9591  70.1065  70.103  70.1808  
66.1851  66.8273  66.8898  67.6002  67.7679  68.1032  68.447  68.7628  69.0948  69.1998  69.3194  69.7953  69.9558  70.1034  70.1001  70.1764  
66.1714  66.8154  66.8785  67.5904  67.7596  68.096  68.4399  68.7584  69.0935  69.2  69.3151  69.7952  69.9574  70.1041  70.1028  70.1749  
66.1548  66.7996  66.8623  67.5764  67.7449  68.0846  68.4287  68.7465  69.0866  69.1931  69.3076  69.7876  69.9549  70.1024  70.1008  70.1714  
66.1537  66.7977  66.8599  67.5742  67.7414  68.0823  68.4268  68.7426  69.0858  69.1921  69.3067  69.7845  69.9557  70.1034  70.1018  70.1718  
66.1604  66.8038  66.866  67.579  67.7458  68.0841  68.4299  68.7445  69.0856  69.1917  69.308  69.7839  69.9547  70.1026  70.1006  70.1717  
66.1219  66.769  66.8321  67.5502  67.7199  68.0662  68.4097  68.7314  69.0873  69.1977  69.2978  69.786  69.9661  70.1104  70.1149  70.1713  
66.1416  66.7852  66.8472  67.562  67.7289  68.0722  68.416  68.7318  69.0808  69.1881  69.2982  69.7773  69.9547  70.1025  70.1019  70.1662  
66.1341  66.78  66.8431  67.5587  67.7277  68.0692  68.4141  68.7335  69.0811  69.1899  69.2972  69.7808  69.9552  70.1013  70.1029  70.1658  
66.1442  66.7891  66.8517  67.5664  67.7344  68.0749  68.4198  68.7371  69.0811  69.1884  69.3005  69.7806  69.9522  70.0993  70.0989  70.1666  
66.1435  66.7883  66.851  67.5654  67.7335  68.0737  68.4187  68.736  69.08  69.1874  69.2992  69.7793  69.9511  70.0982  70.0979  70.1651  
66.1581  66.8025  66.8644  67.5792  67.7461  68.0865  68.4313  68.7464  69.0856  69.1906  69.3101  69.7863  69.9536  70.1023  70.0987  70.1738  
66.1038  66.7531  66.817  67.5366  67.7079  68.0539  68.3984  68.7227  69.0793  69.1908  69.2885  69.7804  69.9599  70.1035  70.1094  70.164  
66.1164  66.7648  66.8283  67.547  67.7179  68.0629  68.4057  68.7287  69.0755  69.1841  69.2913  69.7797  69.9497  70.0968  70.0976  70.1614  
66.0623  66.7157  66.7809  67.5046  67.6794  68.0297  68.3731  68.7052  69.071  69.1867  69.2704  69.7745  69.9578  70.0972  70.1094  70.1527  
66.048  66.7034  66.7698  67.4934  67.6702  68.0169  68.3631  68.6989  69.0658  69.1847  69.2613  69.7707  69.9537  70.0885  70.1061  70.1446  
66.0447  66.7004  66.7669  67.4907  67.6677  68.0147  68.3606  68.6964  69.0619  69.1802  69.2587  69.7679  69.9499  70.0862  70.1024  70.1419  
66.0349  66.6918  66.7585  67.4837  67.6614  68.0092  68.3558  68.6936  69.0639  69.184  69.2567  69.7694  69.9542  70.0871  70.107  70.1427  
66.0656  66.7197  66.7848  67.5098  67.6849  68.0366  68.379  68.7113  69.0742  69.1883  69.2764  69.7803  69.96  70.1015  70.111  70.1584  
66.0608  66.7158  66.7809  67.5076  67.6829  68.0371  68.3791  68.7123  69.0785  69.1931  69.2791  69.7848  69.9663  70.107  70.1175  70.1635  
66.0679  66.7226  66.7875  67.5139  67.6892  68.0437  68.3847  68.7179  69.0826  69.1965  69.2837  69.7892  69.9686  70.1095  70.1193  70.1668  
66.0951  66.7472  66.8115  67.5348  67.7084  68.0593  68.4007  68.73  69.0877  69.1994  69.2942  69.7932  69.9683  70.1111  70.1177  70.1718  
66.1036  66.755  66.8191  67.5415  67.7145  68.0641  68.4057  68.7336  69.0877  69.1984  69.2972  69.7936  69.9662  70.1102  70.115  70.1726  
66.1561  66.8015  66.8642  67.5791  67.7486  68.0894  68.4314  68.7511  69.0876  69.1933  69.3094  69.7916  69.9531  70.1014  70.0985  70.1714  
66.1578  66.8028  66.8654  67.5802  67.7495  68.0907  68.4323  68.7518  69.0884  69.1938  69.31  69.7919  69.9531  70.1012  70.0982  70.1717  
