66.4309  67.6037  67.8164  68.8363  69.3112  69.4534  70.0039  
66.4274  67.6032  67.8188  68.8366  69.3155  69.4532  70.0034  
66.4582  67.6284  67.843  68.8485  69.3163  69.4369  70.0024  
66.4617  67.6332  67.8484  68.8523  69.3191  69.4349  70.0042  
66.4648  67.6442  67.8652  68.8635  69.3332  69.4321  70.0111  
66.4599  67.6417  67.8622  68.8657  69.3366  69.4403  70.0176  
66.4841  67.6613  67.8815  68.8742  69.3376  69.4278  70.0151  
66.5114  67.6882  67.9105  68.8923  69.3507  69.4231  70.0217  
66.4819  67.6582  67.8785  68.8707  69.3346  69.4257  70.0113  
66.5018  67.6771  67.8983  68.8836  69.3434  69.4238  70.0169  
66.4817  67.6652  67.8896  68.8821  69.3514  69.4364  70.0238  
66.4622  67.6446  67.8667  68.8672  69.3389  69.4383  70.0169  
66.4625  67.6425  67.8635  68.8641  69.3348  69.4371  70.0138  
66.4526  67.6326  67.853  68.8573  69.3307  69.4401  70.0111  
66.44  67.6226  67.8427  68.8515  69.3249  69.4378  70.0099  
66.4362  67.6189  67.8374  68.8496  69.3212  69.4377  70.0104  
66.4442  67.6243  67.8417  68.8523  69.3214  69.4374  70.0109  
66.4077  67.5903  67.8064  68.8315  69.3099  69.4498  70.0054  
66.4235  67.6055  67.8226  68.8398  69.3123  69.4381  70.0057  
66.423  67.6033  67.8202  68.8375  69.3121  69.4413  70.0038  
66.4321  67.6131  67.831  68.8442  69.3167  69.4375  70.0062  
66.4312  67.6117  67.8293  68.8428  69.3152  69.4371  70.0049  
66.4446  67.6297  67.8508  68.858  69.3292  69.4351  70.0143  
66.398  67.5807  67.7972  68.8235  69.3043  69.4478  69.9996  
66.4067  67.5949  67.8169  68.8333  69.3144  69.4357  70.0009  
66.3597  67.5452  67.7625  68.7987  69.2903  69.4519  69.9865  
66.3482  67.5302  67.7463  68.7854  69.2811  69.4549  69.9771  
66.3442  67.5282  67.7454  68.7838  69.2799  69.4503  69.9755  
66.3355  67.519  67.7351  68.7781  69.2767  69.4566  69.9741  
66.3653  67.5549  67.7754  68.8076  69.2998  69.45  69.9926  
66.3626  67.5537  67.7741  68.809  69.3022  69.4549  69.9962  
66.3701  67.5615  67.7828  68.815  69.3081  69.456  69.9993  
66.3891  67.5793  67.8007  68.8268  69.3153  69.4524  70.0042  
66.3969  67.5873  67.8095  68.8321  69.3189  69.4495  70.0061  
66.44  67.6272  67.852  68.8557  69.3333  69.4353  70.0107  
66.44  67.6274  67.8523  68.856  69.3337  69.4353  70.0108  
