66.9354  67.9714  68.2201  69.0386  69.4649  69.5358  
66.9279  67.9658  68.2169  69.0348  69.4658  69.5364  
66.9425  67.9772  68.2249  69.0465  69.4753  69.5527  
66.935  67.9702  68.2175  69.0426  69.4737  69.5561  
66.8992  67.9395  68.1897  69.0228  69.4658  69.5602  
66.8887  67.9271  68.1765  69.0105  69.4537  69.5527  
66.9006  67.9388  68.1866  69.0226  69.4643  69.5644  
66.8843  67.9239  68.1711  69.0142  69.4611  69.572  
66.9012  67.9397  68.1875  69.0246  69.4676  69.5693  
66.8962  67.9341  68.1811  69.0211  69.4657  69.573  
66.8626  67.904  68.1549  68.9967  69.4496  69.5616  
66.8691  67.9101  68.1604  69.0016  69.4523  69.5628  
66.8774  67.9169  68.1664  69.0066  69.4555  69.5652  
66.8843  67.9234  68.1735  69.0102  69.4574  69.5616  
66.8741  67.9149  68.1642  69.0061  69.4548  69.565  
66.8681  67.9093  68.157  69.0033  69.4513  69.5666  
66.8769  67.916  68.1627  69.0077  69.4532  69.5678  
66.8747  67.9153  68.1639  69.005  69.4498  69.5572  
66.8647  67.9064  68.1535  69.0029  69.4514  69.5708  
66.8854  67.9252  68.1733  69.0135  69.4576  69.5638  
66.8817  67.9218  68.1696  69.012  69.4576  69.5671  
66.8835  67.9237  68.1715  69.0138  69.4591  69.5679  
66.8607  67.9029  68.1515  68.9989  69.4505  69.5682  
66.8859  67.9274  68.1771  69.0141  69.4574  69.5567  
66.8638  67.9113  68.1638  69.0074  69.4607  69.5669  
66.8855  67.9342  68.1885  69.0215  69.4672  69.553  
66.9016  67.9534  68.2101  69.0362  69.479  69.5496  
66.8948  67.9486  68.206  69.0345  69.4797  69.5523  
66.898  67.9524  68.2103  69.036  69.4794  69.5467  
66.874  67.9227  68.1776  69.0122  69.4616  69.5521  
66.8709  67.9185  68.1732  69.0073  69.4563  69.5475  
66.8699  67.9159  68.1706  69.0034  69.4533  69.5454  
66.8657  67.9111  68.165  69.0009  69.4515  69.5491  
66.8635  67.9089  68.1627  68.9999  69.4517  69.5518  
66.8562  67.9019  68.1547  68.9988  69.456  69.568  
66.8562  67.9022  68.1551  68.9993  69.4566  69.5684  
