67.0673  67.6854  67.7532  68.4232  68.5979  68.901  69.2184  69.5261  69.7668  69.8466  70.0313  
67.0604  67.6803  67.7489  68.4199  68.5969  68.9003  69.2161  69.5274  69.7655  69.8452  70.0294  
67.0723  67.6925  67.7613  68.4323  68.6094  68.9117  69.2284  69.5388  69.7753  69.8538  70.0416  
67.0653  67.6867  67.7556  68.4284  68.6065  68.9118  69.2265  69.5387  69.7754  69.8535  70.0414  
67.0308  67.6583  67.7293  68.4082  68.5926  68.9044  69.2137  69.5358  69.7701  69.8474  70.0349  
67.0221  67.649  67.7197  68.3988  68.5829  68.897  69.2047  69.5266  69.7631  69.8404  70.0266  
67.0316  67.6597  67.7309  68.4102  68.595  68.9066  69.2161  69.5382  69.7712  69.8477  70.0376  
67.0153  67.6476  67.7203  68.4031  68.5923  68.9067  69.2132  69.5417  69.7714  69.8467  70.0381  
67.0335  67.6613  67.7325  68.4119  68.5971  68.9103  69.2181  69.5411  69.775  69.8514  70.0398  
67.0269  67.657  67.729  68.4097  68.597  68.91  69.2175  69.5432  69.7746  69.8505  70.0404  
66.9971  67.6289  67.7015  68.3853  68.5752  68.8948  69.1971  69.5281  69.7625  69.839  70.024  
67.0044  67.6333  67.7049  68.3875  68.5747  68.8965  69.1984  69.5261  69.7661  69.8434  70.0251  
67.0129  67.6404  67.7115  68.3928  68.579  68.9002  69.2022  69.5283  69.7692  69.8465  70.0277  
67.0194  67.6454  67.7162  68.3959  68.5808  68.9003  69.2035  69.5276  69.7689  69.8467  70.0273  
67.0117  67.6386  67.7094  68.3912  68.5765  68.8997  69.2014  69.5267  69.7711  69.8489  70.0283  
67.0068  67.6334  67.7037  68.3868  68.5712  68.8984  69.1989  69.5232  69.7719  69.8498  70.028  
67.0138  67.6395  67.7095  68.3915  68.575  68.9004  69.2021  69.5248  69.7733  69.8511  70.03  
67.0128  67.6357  67.7046  68.3855  68.5664  68.8943  69.195  69.5152  69.7693  69.8486  70.0225  
67.0047  67.6302  67.6999  68.3838  68.5673  68.899  69.1972  69.521  69.7754  69.8538  70.0282  
67.023  67.6465  67.7159  68.3959  68.5777  68.9018  69.2042  69.5247  69.7744  69.853  70.03  
67.0202  67.6451  67.7151  68.3961  68.5792  68.9035  69.2054  69.5277  69.7753  69.8532  70.0318  
67.0219  67.6466  67.7164  68.3973  68.5801  68.9045  69.2064  69.5283  69.7763  69.8543  70.0327  
66.9993  67.6289  67.7004  68.3848  68.5723  68.8978  69.1984  69.5269  69.771  69.8483  70.0282  
67.024  67.6465  67.7155  68.3947  68.5753  68.8987  69.202  69.5212  69.7725  69.852  70.0271  
67.003  67.6317  67.7028  68.387  68.5735  68.8997  69.2003  69.5282  69.7746  69.8532  70.0299  
67.0245  67.6471  67.716  68.3953  68.5758  68.8991  69.2029  69.5228  69.7757  69.8566  70.028  
67.0391  67.6603  67.729  68.4055  68.5846  68.9026  69.2102  69.5278  69.7801  69.8622  70.0322  
67.0329  67.6556  67.7246  68.4027  68.5828  68.9023  69.2092  69.5286  69.781  69.8629  70.0331  
67.0359  67.6575  67.7263  68.4033  68.5823  68.9005  69.2085  69.5265  69.7796  69.8622  70.0312  
67.0131  67.6384  67.7085  68.3891  68.5723  68.8949  69.1985  69.5218  69.7711  69.8514  70.0247  
67.0099  67.6351  67.705  68.3856  68.5686  68.8911  69.1948  69.5179  69.7671  69.8475  70.0209  
67.0087  67.6341  67.7044  68.3845  68.5682  68.8896  69.1929  69.517  69.7638  69.8439  70.0179  
67.0041  67.6303  67.7008  68.3821  68.5665  68.8897  69.192  69.517  69.7637  69.8433  70.0184  
67.0016  67.6289  67.6998  68.3818  68.5673  68.8905  69.1925  69.5188  69.7642  69.8435  70.0195  
66.9929  67.6245  67.697  68.382  68.5722  68.8966  69.1963  69.529  69.7697  69.8475  70.026  
66.9944  67.6258  67.6982  68.3832  68.5733  68.8982  69.1974  69.53  69.7705  69.8481  70.0269  
