66.1333  66.8598  66.9436  67.6908  67.9226  68.1772  68.5589  68.9424  69.0996  69.1502  69.4307  69.9461  69.9801  70.13  
66.1298  66.857  66.9412  67.6889  67.9221  68.1774  68.5578  68.9439  69.1008  69.152  69.4298  69.9485  69.9801  70.1301  
66.1511  66.8721  66.9549  67.6964  67.9245  68.1757  68.5589  68.9376  69.0986  69.1513  69.4259  69.936  69.974  70.1214  
66.1533  66.8722  66.9544  67.6951  67.9217  68.1751  68.5575  68.935  69.101  69.1548  69.4248  69.9347  69.9752  70.1217  
66.1519  66.8681  66.9498  67.69  67.9153  68.1735  68.5536  68.9322  69.1085  69.1654  69.4231  69.9366  69.9808  70.1253  
66.1488  66.8651  66.9464  67.6883  67.9132  68.175  68.5542  68.933  69.1136  69.1707  69.4265  69.9413  69.9875  70.1321  
66.1663  66.8785  66.959  67.6961  67.9177  68.1747  68.5566  68.93  69.1106  69.1685  69.4239  69.9317  69.9804  70.1231  
66.1869  66.8924  66.9712  67.7036  67.9203  68.1781  68.5599  68.9277  69.1173  69.1775  69.4244  69.9271  69.982  70.1216  
66.165  66.876  66.9563  67.6929  67.9141  68.1728  68.5531  68.9265  69.109  69.1672  69.4203  69.9287  69.9784  70.1211  
66.1788  66.8863  66.9657  67.6993  67.9177  68.1751  68.5567  68.9264  69.1132  69.1727  69.422  69.9266  69.98  70.1209  
66.1644  66.8743  66.9544  67.692  67.9135  68.1779  68.5549  68.9308  69.1218  69.1817  69.4254  69.939  69.9912  70.1331  
66.1501  66.8619  66.9424  67.6824  67.9055  68.1726  68.5479  68.9263  69.1172  69.1762  69.4211  69.9379  69.9905  70.1341  
66.1514  66.8626  66.943  67.6823  67.9052  68.1719  68.547  68.9248  69.1151  69.1737  69.4194  69.9354  69.9885  70.1323  
66.1445  66.8584  66.9396  67.6805  67.9056  68.1716  68.5466  68.9269  69.1129  69.1706  69.4197  69.938  69.9879  70.133  
66.1313  66.845  66.9255  67.6686  67.8924  68.1631  68.5376  68.9171  69.1096  69.1681  69.4145  69.9334  69.9875  70.1325  
66.1284  66.8407  66.9206  67.6641  67.8863  68.1603  68.5341  68.912  69.1098  69.1687  69.4129  69.931  69.9892  70.134  
66.1349  66.8465  66.9263  67.6684  67.89  68.1618  68.5369  68.9132  69.11  69.1687  69.4141  69.9301  69.989  70.1337  
66.1098  66.8272  66.9084  67.6562  67.8829  68.1592  68.5308  68.9145  69.1078  69.1646  69.4132  69.938  69.9927  70.1406  
66.1188  66.8305  66.9101  67.6545  67.8765  68.1547  68.5264  68.9047  69.1074  69.1664  69.4076  69.9277  69.9898  70.1353  
66.1201  66.8359  66.9167  67.662  67.8872  68.1596  68.5332  68.9141  69.105  69.1622  69.4121  69.9327  69.9867  70.1334  
66.1261  66.84  66.9202  67.6643  67.8877  68.1602  68.5342  68.9131  69.1063  69.1643  69.4122  69.9306  69.9858  70.1313  
66.1257  66.8396  66.9199  67.6639  67.8875  68.1599  68.5338  68.9128  69.1056  69.1634  69.4116  69.9301  69.9851  70.1307  
66.1304  66.8423  66.9219  67.665  67.8862  68.1593  68.5347  68.9115  69.1107  69.1707  69.4131  69.9302  69.9885  70.1322  
66.101  66.8217  66.9036  67.6532  67.882  68.156  68.5287  68.9145  69.1011  69.157  69.4111  69.937  69.9867  70.1356  
66.1014  66.82  66.9015  67.6498  67.8771  68.1522  68.5247  68.91  69.1016  69.1598  69.4066  69.933  69.9834  70.1302  
66.0715  66.7992  66.883  67.6384  67.8733  68.1492  68.5193  68.9134  69.0917  69.1456  69.4053  69.9402  69.9815  70.1336  
66.0639  66.7964  66.8816  67.6389  67.8778  68.1492  68.5201  68.9178  69.0838  69.1351  69.4047  69.9415  69.9751  70.1296  
66.059  66.7915  66.8767  67.6343  67.8731  68.1455  68.5162  68.9143  69.0819  69.1337  69.4017  69.9392  69.9736  70.1279  
66.0536  66.7885  66.8742  67.6336  67.8741  68.1462  68.5169  68.9167  69.0808  69.1315  69.4032  69.9422  69.974  70.1295  
66.0722  66.7999  66.8836  67.6389  67.8733  68.149  68.5202  68.9144  69.095  69.1501  69.4068  69.942  69.9839  70.1349  
66.07  66.7985  66.8823  67.6387  67.8734  68.15  68.5213  68.9161  69.0975  69.1527  69.4093  69.9454  69.9872  70.1383  
66.0761  66.8038  66.8875  67.6429  67.8773  68.1533  68.5246  68.919  69.1004  69.156  69.4113  69.9471  69.9882  70.1389  
66.0914  66.8156  66.8985  67.6508  67.8827  68.1577  68.5294  68.9206  69.1053  69.1618  69.4139  69.9461  69.9904  70.1396  
66.0962  66.8191  66.9017  67.6529  67.8837  68.1581  68.5304  68.9202  69.1064  69.1635  69.414  69.9448  69.9902  70.1386  
66.1265  66.8407  66.9216  67.665  67.8899  68.1613  68.5349  68.9171  69.1109  69.1709  69.4123  69.9351  69.9872  70.1319  
66.1279  66.8418  66.9225  67.6659  67.8907  68.1626  68.5357  68.9177  69.1115  69.1713  69.4129  69.9354  69.9871  70.1315  
