-8.47577  4.61103  0
-8.47791  4.61442  0
-8.48072  4.61426  0
-8.48092  4.61444  0
-8.4832  4.61221  0
-8.48406  4.61161  0
-8.4867  4.61217  0
-8.49117  4.6137  0
-8.49173  4.61494  0
-8.48617  4.61539  0
-8.48769  4.61288  0
-8.4847  4.61146  0
-8.48791  4.61339  0
-8.48477  4.6142  0
-8.48626  4.60968  0
-8.48542  4.60594  0
-8.47835  4.60657  0
-8.47638  4.6061  0
-8.48652  4.60429  0
-8.48039  4.60875  0
-8.48217  4.60942  0
-8.48207  4.60956  0
-8.48389  4.60705  0
-8.47819  4.60783  0
-8.48471  4.60622  0
-8.4765  4.60761  0
-8.47116  4.60925  0
-8.47839  4.60634  0
-8.47474  4.607  0
-8.47856  4.60614  0
-8.47338  4.60619  0
-8.48207  4.61005  0
-8.47869  4.60844  0
-8.47784  4.60836  0
-8.4919  4.61095  0
-8.44085  4.6113  0
