66.9702  67.6033  67.6782  68.3613  68.557  68.8797  69.1764  69.5203  69.7643  69.8474  70.0062  
67.0406  67.6962  67.7775  68.4362  68.6157  68.8087  69.2256  69.5308  69.7343  69.8446  70.0345  
66.9734  67.6579  67.7512  68.4187  68.6181  68.7908  69.2232  69.5568  69.7379  69.8622  70.0418  
67.0258  67.6652  67.7448  68.4169  68.6176  68.8972  69.2159  69.5544  69.7513  69.8251  70.0281  
67.0833  67.7384  67.8206  68.4754  68.655  68.8414  69.26  69.5629  69.7574  69.8669  70.0635  
67.055  67.6796  67.7533  68.42  68.6071  68.8991  69.2147  69.5395  69.7674  69.8485  70.0256  
66.9938  67.6642  67.7512  68.4168  68.6069  68.7951  69.2171  69.5384  69.7349  69.8524  70.0342  
66.9578  67.649  67.7451  68.4144  68.6181  68.786  69.2231  69.5631  69.7425  69.8712  70.0451  
67.0613  67.6956  67.7728  68.4436  68.6385  68.9221  69.2412  69.5711  69.7773  69.8496  70.0543  
66.9848  67.6435  67.7273  68.3915  68.5807  68.7888  69.1887  69.5124  69.7179  69.8303  70.0029  
67.0058  67.6661  67.7505  68.4135  68.6028  68.8052  69.2087  69.5306  69.7287  69.8404  70.0204  
66.9042  67.6077  67.7086  68.3832  68.5956  68.7582  69.2013  69.5558  69.7343  69.8706  70.0314  
66.898  67.5975  67.6974  68.3768  68.5922  68.7756  69.2007  69.5639  69.7528  69.888  70.0357  
67.0014  67.6375  67.7141  68.3935  68.5901  68.8951  69.2039  69.5454  69.7757  69.858  70.0282  
66.9325  67.6189  67.7126  68.3904  68.5961  68.7932  69.2091  69.5577  69.7556  69.8819  70.041  
66.9015  67.6032  67.7025  68.3828  68.5955  68.7734  69.2062  69.5627  69.7465  69.8794  70.0412  
67.0801  67.7045  67.777  68.4461  68.6302  68.9243  69.2422  69.5585  69.7859  69.86  70.0569  
66.9924  67.6558  67.7401  68.4125  68.6056  68.8257  69.2187  69.5501  69.7574  69.8685  70.0403  
66.9784  67.6096  67.6851  68.3597  68.5536  68.8557  69.1632  69.5002  69.7268  69.8084  69.9814  
66.951  67.5859  67.6613  68.3448  68.5412  68.8607  69.1602  69.5056  69.7472  69.832  69.9896  
66.9601  67.6479  67.7418  68.4113  68.6106  68.781  69.22  69.5538  69.7416  69.8689  70.0441  
67.0941  67.7055  67.774  68.4316  68.6041  68.891  69.2161  69.5204  69.7669  69.852  70.0209  
66.9405  67.6249  67.7179  68.3929  68.5965  68.7895  69.2077  69.5527  69.7489  69.8745  70.0362  
67.069  67.6917  67.7638  68.4308  68.6137  68.9068  69.226  69.5445  69.7799  69.8612  70.039  
67.1033  67.7128  67.7816  68.4334  68.6043  68.8794  69.2118  69.5126  69.756  69.8427  70.0113  
67.0462  67.6934  67.7719  68.4352  68.6175  68.8408  69.2276  69.541  69.751  69.8532  70.038  
67.0137  67.672  67.7546  68.4194  68.6047  68.8115  69.2179  69.5353  69.7481  69.861  70.0352  
67.0584  67.7174  67.8001  68.4628  68.6469  68.8462  69.2563  69.5687  69.7666  69.876  70.0671  
66.9574  67.633  67.7234  68.392  68.5907  68.7831  69.1982  69.5352  69.7323  69.855  70.0192  
66.9511  67.6357  67.7296  68.4005  68.6039  68.7874  69.2106  69.5539  69.7438  69.8708  70.0341  
67.0205  67.6594  67.7377  68.4156  68.615  68.9113  69.2239  69.5668  69.7861  69.8662  70.0454  
67.041  67.6999  67.7828  68.4431  68.6261  68.8193  69.235  69.5454  69.746  69.8577  70.0454  
67.1518  67.7532  67.8192  68.4664  68.6311  68.9085  69.2386  69.5287  69.7761  69.8592  70.0337  
67.1679  67.7966  67.8683  68.517  68.6819  68.8952  69.2891  69.5718  69.7825  69.8759  70.0833  
67.0587  67.7165  67.8  68.4559  68.6382  68.8245  69.2433  69.5512  69.7474  69.8601  70.0491  
67.0102  67.6508  67.7296  68.4078  68.6084  68.902  69.2157  69.56  69.7745  69.8544  70.0364  
66.8951  67.5875  67.6831  68.3631  68.571  68.7622  69.1871  69.5404  69.7449  69.8775  70.0252  
66.9897  67.6719  67.765  68.4283  68.6255  68.7925  69.2284  69.5573  69.7377  69.8623  70.0437  
67.0548  67.7058  67.7854  68.4468  68.6262  68.8351  69.2393  69.5471  69.7607  69.8693  70.0513  
66.9317  67.6201  67.7166  68.3813  68.585  68.7491  69.1862  69.5263  69.7079  69.8384  70.0055  
67.0334  67.6658  67.7422  68.4158  68.6107  68.9084  69.2191  69.5555  69.78  69.8596  70.0373  
66.9991  67.6766  67.7672  68.4349  68.6302  68.8141  69.2409  69.5707  69.769  69.8929  70.0634  
66.9318  67.6257  67.7242  68.3937  68.6024  68.7702  69.2056  69.5551  69.7386  69.8724  70.0305  
66.9774  67.6519  67.7419  68.4078  68.6032  68.7893  69.2111  69.5418  69.739  69.862  70.0304  
66.9204  67.6105  67.705  68.3823  68.5872  68.7745  69.2017  69.5485  69.7482  69.8781  70.0355  
66.964  67.6453  67.7375  68.4067  68.6057  68.7883  69.2151  69.5511  69.7471  69.8733  70.0389  
67.0441  67.7127  67.8008  68.4601  68.6503  68.8294  69.2524  69.5717  69.7566  69.8736  70.0605  
67.0016  67.6909  67.7867  68.4516  68.6524  68.8126  69.255  69.5885  69.7641  69.892  70.0725  
66.9428  67.595  67.6762  68.3674  68.5767  68.8816  69.1896  69.5454  69.7555  69.8299  70.0241  
67.01  67.6501  67.7283  68.405  68.6031  68.8905  69.2096  69.5451  69.7518  69.8255  70.029  
66.8883  67.5749  67.6686  68.3505  68.5575  68.7644  69.1774  69.5322  69.7504  69.8818  70.0195  
67.069  67.7304  67.8153  68.4757  68.6615  68.8535  69.2702  69.5851  69.7878  69.9035  70.0828  
66.9031  67.5999  67.698  68.3724  68.5811  68.7528  69.1889  69.5381  69.7216  69.8536  70.0183  
67.037  67.663  67.736  68.4078  68.5942  68.8948  69.2086  69.5338  69.7701  69.8516  70.0262  
67.0042  67.6594  67.7403  68.4089  68.5955  68.8176  69.209  69.5301  69.7416  69.8487  70.0263  
66.8822  67.5982  67.7049  68.38  68.6009  68.7484  69.201  69.5661  69.7306  69.8729  70.0315  
66.9821  67.6117  67.6861  68.3649  68.5582  68.8766  69.1754  69.515  69.7597  69.8431  70.0016  
67.1091  67.718  67.7859  68.4426  68.6138  68.904  69.2282  69.5332  69.7926  69.8813  70.0352  
66.9673  67.6326  67.7177  68.3911  68.5849  68.8044  69.2005  69.5338  69.7478  69.8626  70.026  
66.9592  67.6149  67.6979  68.3884  68.6013  68.8989  69.2095  69.5696  69.7698  69.8447  70.0409  
66.9641  67.6484  67.7407  68.4095  68.6064  68.7797  69.2168  69.5479  69.7396  69.866  70.0399  
66.9259  67.6313  67.7338  68.4045  68.6174  68.7687  69.2192  69.5721  69.7451  69.883  70.046  
66.9818  67.6148  67.6897  68.3705  68.5646  68.8792  69.1824  69.5221  69.7617  69.8444  70.0095  
67.084  67.7412  67.8242  68.4801  68.6605  68.8459  69.2672  69.5718  69.7693  69.8813  70.0735  
66.9507  67.6367  67.7324  68.3977  68.6013  68.7716  69.2027  69.5431  69.7255  69.8542  70.0216  
66.8834  67.5747  67.6694  68.3555  68.5659  68.7751  69.1862  69.5463  69.7588  69.8896  70.0302  
67.0401  67.7123  67.8025  68.4608  68.6532  68.8254  69.2534  69.5749  69.7564  69.8763  70.0617  
66.8906  67.5942  67.6962  68.3707  68.5861  68.7513  69.1888  69.5477  69.7223  69.8584  70.0177  
67.0528  67.7173  67.8043  68.4624  68.6512  68.835  69.2535  69.5711  69.7602  69.8758  70.0611  
67.0165  67.6854  67.7729  68.4331  68.6219  68.8008  69.2267  69.5438  69.7323  69.8493  70.0372  
67.0766  67.7407  67.8277  68.4826  68.6695  68.8454  69.2698  69.5829  69.7682  69.8841  70.0738  
67.0761  67.7084  67.7836  68.4538  68.6424  68.9234  69.2507  69.5707  69.7833  69.8565  70.0646  
66.9937  67.6674  67.7561  68.4236  68.6165  68.8051  69.2281  69.5548  69.7554  69.8767  70.0495  
67.0593  67.7109  67.7911  68.4521  68.6343  68.8432  69.2422  69.5532  69.7549  69.8601  70.0498  
66.9563  67.6331  67.7221  68.3985  68.5977  68.8045  69.2118  69.5508  69.7511  69.8694  70.0393  
67.0483  67.7027  67.7849  68.4417  68.624  68.8185  69.2292  69.5383  69.7374  69.8473  70.0351  
66.9763  67.653  67.7422  68.4141  68.6094  68.8035  69.2245  69.5565  69.7621  69.885  70.0513  
67.0532  67.7048  67.7853  68.4459  68.6271  68.8348  69.2378  69.5478  69.7579  69.8663  70.0489  
67.043  67.7004  67.7847  68.439  68.6243  68.8104  69.2227  69.5347  69.7191  69.8291  70.0227  
66.9279  67.6188  67.7141  68.3866  68.5899  68.764  69.2004  69.5424  69.7346  69.8652  70.029  
66.9625  67.6441  67.7361  68.4083  68.6092  68.7994  69.2185  69.5583  69.7506  69.8742  70.0424  
67.11  67.7291  67.8003  68.4639  68.6443  68.934  69.253  69.5629  69.7888  69.8619  70.0613  
67.0039  67.6737  67.7612  68.4282  68.6205  68.8155  69.2314  69.5581  69.7605  69.8798  70.0511  
66.9951  67.6701  67.7608  68.423  68.6181  68.7951  69.2212  69.5492  69.7367  69.8589  70.0349  
66.9378  67.6533  67.7591  68.4318  68.6487  68.7891  69.2487  69.6049  69.7642  69.9041  70.0755  
66.9898  67.6271  67.7047  68.3837  68.5824  68.8842  69.1922  69.5316  69.75  69.8241  70.0162  
66.9302  67.6186  67.7129  68.3894  68.5945  68.7839  69.2065  69.5534  69.748  69.8756  70.0371  
67  67.671  67.759  68.4263  68.6206  68.8151  69.2282  69.557  69.75  69.8668  70.0451  
66.9344  67.634  67.7335  68.405  68.6133  68.7734  69.2199  69.567  69.7496  69.8847  70.0486  
66.9709  67.6173  67.6967  68.3836  68.5879  68.892  69.2009  69.5489  69.763  69.8371  70.0317  
67.0196  67.6911  67.7806  68.4401  68.6319  68.8075  69.2346  69.5563  69.7434  69.8635  70.0455  
66.9741  67.6528  67.7435  68.414  68.6119  68.801  69.2217  69.5563  69.7501  69.8721  70.044  
67.0694  67.7005  67.774  68.4478  68.6346  68.9253  69.2475  69.566  69.7833  69.8548  70.0646  
66.9361  67.6351  67.7359  68.4035  68.6139  68.7698  69.2133  69.5625  69.735  69.87  70.0356  
67.0657  67.7239  67.8078  68.4659  68.6508  68.8432  69.2549  69.5677  69.7615  69.8726  70.0612  
66.9237  67.626  67.728  68.3999  68.6138  68.7752  69.2161  69.5721  69.7491  69.8863  70.044  
66.9219  67.6156  67.714  68.3856  68.5954  68.7692  69.2001  69.5521  69.7385  69.872  70.0275  
67.0855  67.6982  67.7673  68.4267  68.601  68.8918  69.2145  69.5225  69.7738  69.8598  70.0231  
67.078  67.7047  67.7796  68.4441  68.6323  68.914  69.2366  69.5612  69.7829  69.8643  70.0447  
66.9358  67.6286  67.7255  68.3974  68.6034  68.7753  69.2112  69.5569  69.7452  69.8772  70.039  
