65.9294  66.4432  66.4924  67.0558  67.1692  67.4031  67.7444  67.9536  68.2917  68.3906  68.4825  68.8133  69.1431  69.2438  69.2977  69.3394  69.7048  69.9079  70.0049  70.0803  70.087  70.1464  
65.9257  66.44  66.4892  67.053  67.1665  67.4003  67.742  67.9517  68.2905  68.3897  68.4809  68.8124  69.1436  69.243  69.2987  69.3405  69.7051  69.9092  70.0048  70.0808  70.0886  70.1469  
65.9321  66.4457  66.4948  67.0579  67.1712  67.4052  67.746  67.9549  68.2921  68.3904  68.4834  68.8136  69.1418  69.244  69.2959  69.3382  69.7039  69.9063  70.0044  70.0801  70.0854  70.1463  
65.9289  66.4429  66.4922  67.0558  67.1694  67.4039  67.7446  67.9545  68.2931  68.3921  68.483  68.8149  69.1447  69.2446  69.2995  69.3412  69.707  69.9094  70.0056  70.0819  70.0888  70.1482  
65.92  66.4341  66.4831  67.0474  67.1607  67.3959  67.7375  67.9471  68.2898  68.3895  68.4779  68.8103  69.1467  69.2421  69.3028  69.3446  69.7061  69.9137  70.0058  70.0834  70.0938  70.1493  
65.916  66.4285  66.4772  67.0407  67.1531  67.3894  67.7303  67.9385  68.2846  68.3841  68.471  68.8017  69.1441  69.2361  69.3008  69.3437  69.6991  69.9134  70.0014  70.0833  70.0943  70.1491  
65.9319  66.4433  66.4917  67.0543  67.1662  67.4032  67.7418  67.9489  68.2904  68.388  68.4794  68.8074  69.1415  69.2409  69.2953  69.3391  69.6991  69.9075  70.0025  70.0826  70.0874  70.1488  
65.947  66.4569  66.5048  67.0663  67.1775  67.4152  67.7517  67.9572  68.2955  68.3911  68.4865  68.8115  69.1394  69.2448  69.2907  69.3354  69.6981  69.9027  70.0032  70.0816  70.0821  70.1485  
65.9483  66.458  66.5059  67.0673  67.1785  67.4162  67.7525  67.9579  68.2959  68.3914  68.4871  68.8118  69.1392  69.2452  69.2903  69.3351  69.6981  69.9023  70.0033  70.0811  70.082  70.1484  
65.9585  66.4674  66.515  67.0762  67.187  67.4258  67.7608  67.9656  68.3033  68.398  68.4947  68.8182  69.1443  69.252  69.2942  69.3395  69.7031  69.9066  70.0094  70.0848  70.088  70.1543  
65.9584  66.4673  66.5149  67.0761  67.1869  67.4257  67.7607  67.9654  68.3032  68.3979  68.4946  68.8181  69.1443  69.2519  69.2943  69.3396  69.7031  69.9067  70.0093  70.085  70.0882  70.1545  
65.9643  66.4726  66.5201  67.0808  67.1913  67.4302  67.7647  67.9688  68.3055  68.3996  68.4976  68.82  69.1442  69.2538  69.2934  69.3389  69.7033  69.9056  70.0101  70.0834  70.0881  70.1544  
65.9692  66.4773  66.5245  67.0855  67.1956  67.4353  67.7691  67.9726  68.3083  68.4015  68.5016  68.8228  69.1445  69.2571  69.2925  69.3383  69.7046  69.9051  70.0127  70.0824  70.0893  70.1556  
65.9756  66.4835  66.5306  67.0917  67.2017  67.4419  67.7754  67.9789  68.3151  68.4082  68.508  68.8292  69.1513  69.2636  69.2991  69.3448  69.7112  69.9114  70.0192  70.0884  70.095  70.1612  
65.9728  66.4811  66.5282  67.0897  67.1998  67.4401  67.7739  67.9775  68.314  68.4072  68.5069  68.8285  69.1507  69.2631  69.2987  69.3443  69.7111  69.9113  70.0191  70.0883  70.0947  70.1609  
65.9779  66.4871  66.5345  67.0959  67.2067  67.4453  67.7796  67.984  68.3163  68.4095  68.5113  68.8335  69.1496  69.2655  69.297  69.342  69.7134  69.9078  70.0193  70.0842  70.0917  70.1579  
65.981  66.4902  66.5377  67.0988  67.2097  67.4478  67.7821  67.9866  68.3177  68.4108  68.5132  68.8352  69.1495  69.2666  69.2967  69.3413  69.7139  69.9066  70.0194  70.0826  70.0905  70.1566  
65.9957  66.5035  66.5507  67.1103  67.2204  67.4571  67.7912  67.994  68.3219  68.4139  68.5196  68.8386  69.1496  69.2702  69.2953  69.3406  69.713  69.9047  70.0205  70.0796  70.0897  70.1555  
65.9914  66.4997  66.547  67.1076  67.218  67.4567  67.79  67.9937  68.3237  68.416  68.5199  68.8406  69.1526  69.2719  69.2986  69.3436  69.7173  69.9082  70.0233  70.0835  70.0931  70.1591  
65.9903  66.499  66.5462  67.1075  67.218  67.4572  67.7906  67.9945  68.3254  68.4177  68.5214  68.8425  69.1552  69.2742  69.3013  69.3461  69.7202  69.9113  70.0264  70.0867  70.0959  70.162  
65.9908  66.4995  66.5467  67.1079  67.2183  67.4576  67.7909  67.9948  68.3255  68.4178  68.5216  68.8426  69.1552  69.2743  69.3012  69.3461  69.7202  69.9112  70.0264  70.0865  70.0959  70.1619  
65.9921  66.5006  66.5478  67.1088  67.2191  67.458  67.7915  67.9952  68.3257  68.418  68.5219  68.8426  69.1553  69.2745  69.3012  69.3462  69.7199  69.9112  70.0264  70.0865  70.0959  70.1619  
65.9833  66.4928  66.5402  67.1021  67.2129  67.4518  67.7861  67.9907  68.3226  68.4156  68.5181  68.8403  69.1551  69.2723  69.3021  69.3467  69.72  69.9126  70.0259  70.0884  70.0962  70.1622  
65.9774  66.4874  66.5349  67.0971  67.2081  67.4467  67.7816  67.9865  68.3187  68.412  68.5141  68.837  69.1524  69.2689  69.2998  69.3443  69.7175  69.9104  70.0231  70.0866  70.0935  70.1597  
65.9853  66.4936  66.541  67.1012  67.2116  67.4491  67.7831  67.9867  68.316  68.4085  68.5126  68.833  69.1454  69.2643  69.2918  69.3369  69.7093  69.9012  70.0156  70.0769  70.0859  70.152  
65.9933  66.5009  66.5481  67.1076  67.2177  67.455  67.7884  67.9912  68.3186  68.4104  68.5164  68.8353  69.1447  69.2663  69.2901  69.3354  69.7091  69.899  70.0159  70.074  70.0851  70.151  
65.9863  66.4947  66.5421  67.1025  67.213  67.4508  67.7845  67.9881  68.3168  68.4091  68.5138  68.8343  69.145  69.2651  69.2911  69.336  69.71  69.9  70.0159  70.0755  70.0853  70.1514  
65.9762  66.4858  66.5334  67.0949  67.2059  67.444  67.7786  67.9834  68.3143  68.4076  68.51  68.8326  69.1465  69.2636  69.294  69.3385  69.7117  69.9036  70.0166  70.0798  70.087  70.1533  
65.9762  66.4858  66.5334  67.0949  67.2059  67.444  67.7786  67.9834  68.3143  68.4076  68.51  68.8326  69.1465  69.2636  69.294  69.3385  69.7117  69.9036  70.0166  70.0798  70.087  70.1533  
65.9704  66.4805  66.5282  67.0901  67.2013  67.4395  67.7745  67.9798  68.3123  68.4061  68.5071  68.8306  69.147  69.262  69.2953  69.3396  69.7116  69.9052  70.0162  70.082  70.0877  70.1539  
65.9636  66.4745  66.5226  67.0847  67.1963  67.4332  67.77  67.976  68.3097  68.4047  68.5038  68.8287  69.1487  69.2603  69.2985  69.3423  69.7121  69.9085  70.0162  70.0857  70.0881  70.1542  
65.9603  66.4713  66.5191  67.0823  67.1942  67.4339  67.7686  67.9753  68.3098  68.4043  68.5031  68.8289  69.1466  69.2597  69.2956  69.3393  69.7127  69.9057  70.0154  70.0832  70.0879  70.1546  
65.9672  66.4776  66.5255  67.0878  67.1993  67.4379  67.7729  67.9787  68.3116  68.4057  68.506  68.8304  69.1468  69.2614  69.2953  69.3393  69.7122  69.9052  70.016  70.0821  70.0876  70.154  
65.9544  66.4664  66.5143  67.0789  67.1908  67.4314  67.7673  67.9744  68.3128  68.4081  68.5047  68.8318  69.1553  69.2646  69.3055  69.3492  69.7202  69.9174  70.0238  70.0953  70.097  70.1634  
65.9622  66.4724  66.5203  67.0828  67.1945  67.4341  67.769  67.9756  68.3133  68.4085  68.5041  68.8305  69.1541  69.2619  69.3043  69.3481  69.7165  69.9148  70.0191  70.0928  70.0945  70.161  
65.9701  66.4798  66.5276  67.0891  67.2004  67.4382  67.7739  67.9795  68.3152  68.4101  68.5074  68.8321  69.1547  69.2639  69.3045  69.3486  69.716  69.9147  70.0199  70.0921  70.0941  70.1602  
65.9721  66.4816  66.5293  67.0907  67.2018  67.4398  67.7751  67.9806  68.3159  68.4106  68.5083  68.8326  69.1545  69.2644  69.304  69.3482  69.7159  69.9141  70.02  70.0914  70.094  70.1601  
65.9769  66.4858  66.5333  67.0944  67.2052  67.4438  67.7785  67.9834  68.3191  68.4133  68.5114  68.8349  69.1569  69.2672  69.306  69.3505  69.7177  69.9163  70.0226  70.0934  70.0967  70.1627  
65.9859  66.4939  66.5411  67.1016  67.2119  67.4507  67.7844  67.9883  68.3221  68.4153  68.5156  68.8373  69.156  69.2695  69.3037  69.3487  69.7172  69.9137  70.0231  70.0902  70.0961  70.1621  
65.9956  66.5037  66.5511  67.1112  67.2217  67.4592  67.7929  67.9969  68.3262  68.4189  68.5221  68.8433  69.1554  69.2734  69.302  69.3465  69.7195  69.9102  70.0241  70.0856  70.0936  70.1595  
65.996  66.5035  66.5507  67.1104  67.2206  67.4586  67.7919  67.9953  68.3259  68.4184  68.5212  68.8416  69.1556  69.2728  69.3021  69.347  69.7181  69.911  70.024  70.0865  70.0945  70.1604  
66.0112  66.5171  66.5637  67.1226  67.2321  67.4714  67.8023  68.0046  68.3336  68.4247  68.5293  68.8478  69.1577  69.2783  69.3023  69.3476  69.7208  69.91  70.0266  70.0845  70.0959  70.1616  
66.0119  66.5179  66.5646  67.1234  67.233  67.4721  67.8031  68.0054  68.3339  68.4251  68.53  68.8485  69.1576  69.2787  69.3022  69.3474  69.7211  69.9097  70.0267  70.0841  70.0956  70.1613  
66.0118  66.5176  66.5644  67.1231  67.2327  67.4717  67.8027  68.005  68.3334  68.4246  68.5294  68.848  69.157  69.278  69.3016  69.3468  69.7204  69.909  70.026  70.0835  70.095  70.1607  
66.0225  66.5278  66.5745  67.1318  67.241  67.4776  67.8095  68.0107  68.336  68.4267  68.5341  68.8505  69.1575  69.2806  69.3014  69.347  69.7197  69.9082  70.0268  70.0819  70.094  70.1594  
66.0189  66.524  66.5705  67.1288  67.238  67.4773  67.8073  68.009  68.3357  68.426  68.5327  68.85  69.1558  69.2796  69.2991  69.3445  69.7199  69.9059  70.0257  70.0796  70.0933  70.159  
66.026  66.5308  66.5771  67.1352  67.2442  67.4837  67.8134  68.0147  68.341  68.431  68.5382  68.855  69.1599  69.2845  69.3027  69.3482  69.7241  69.9092  70.03  70.0824  70.0965  70.162  
66.0143  66.5203  66.567  67.1262  67.2359  67.4755  67.8061  68.0088  68.3372  68.4283  68.5331  68.8521  69.1603  69.2817  69.3047  69.3496  69.7247  69.9117  70.0294  70.086  70.0975  70.1633  
66.0241  66.5287  66.5749  67.1331  67.2419  67.4819  67.8114  68.0125  68.3401  68.4301  68.5367  68.8533  69.1599  69.2836  69.303  69.3485  69.7232  69.9099  70.0298  70.0834  70.0972  70.1627  
66.0143  66.5206  66.5673  67.1271  67.2368  67.4775  67.808  68.0111  68.342  68.4335  68.5365  68.8564  69.1678  69.2867  69.3128  69.3577  69.7314  69.9202  70.036  70.0949  70.1046  70.1702  
