-8.24587  4.47322  0
-8.25101  4.47535  0
-8.24164  4.47733  0
-8.24182  4.47743  0
-8.25039  4.47379  0
-8.25709  4.47221  0
-8.2491  4.47427  0
-8.25133  4.47549  0
-8.25272  4.47673  0
-8.24493  4.47732  0
-8.26331  4.47291  0
-8.26054  4.47206  0
-8.26151  4.47414  0
-8.25962  4.47479  0
-8.25844  4.46982  0
-8.25695  4.46676  0
-8.24769  4.46808  0
-8.25501  4.46671  0
-8.25831  4.46547  0
-8.25171  4.46955  0
-8.25112  4.46994  0
-8.25053  4.47027  0
-8.25344  4.46678  0
-8.25281  4.46768  0
-8.25709  4.46557  0
-8.2536  4.46652  0
-8.24637  4.4686  0
-8.25291  4.46574  0
-8.2508  4.46614  0
-8.25748  4.46406  0
-8.25484  4.46355  0
-8.26516  4.46679  0
-8.26193  4.46637  0
-8.25972  4.46643  0
-8.26076  4.47012  0
-8.25898  4.4704  0
