67.9243  69.4267  69.8798  
67.9261  69.4278  69.8806  
67.9255  69.4275  69.8806  
67.9267  69.4277  69.8815  
67.9184  69.4256  69.8807  
67.8979  69.4174  69.8773  
67.902  69.4191  69.8785  
67.9004  69.4183  69.8786  
67.9003  69.4183  69.8786  
67.8929  69.4147  69.8772  
67.8927  69.4147  69.8773  
67.8927  69.4148  69.8776  
67.8903  69.4139  69.8776  
67.89  69.4138  69.8775  
67.8892  69.4136  69.8774  
67.9058  69.4198  69.8796  
67.9089  69.4205  69.8795  
67.9152  69.4227  69.8784  
67.9068  69.4197  69.8797  
67.9067  69.4197  69.8798  
67.9067  69.4197  69.8798  
67.9077  69.4199  69.8793  
67.9077  69.42  69.8792  
67.9099  69.4212  69.8796  
67.9084  69.4208  69.8794  
67.9094  69.4211  69.8797  
67.9093  69.4216  69.8807  
67.9096  69.4217  69.8805  
67.9096  69.4217  69.8805  
67.9078  69.421  69.8801  
67.9139  69.4233  69.8793  
67.9015  69.4189  69.8818  
67.9067  69.4207  69.8809  
67.9023  69.4193  69.8805  
67.9065  69.4198  69.8806  
67.9147  69.4227  69.8794  
67.9145  69.4226  69.8794  
67.9101  69.4208  69.8787  
67.9086  69.4202  69.8789  
67.923  69.4257  69.881  
67.9156  69.4228  69.8798  
67.9057  69.419  69.8807  
67.908  69.4198  69.8811  
67.9078  69.4197  69.8809  
67.9218  69.4248  69.8797  
67.906  69.419  69.8818  
67.9066  69.4193  69.882  
67.9075  69.4198  69.882  
67.9012  69.4172  69.8812  
67.9036  69.4184  69.8813  
