67.2298  67.7679  67.8192  68.3996  68.5368  68.7596  69.0936  69.3424  69.6056  69.6704  69.8252  70.195  70.4229  
67.2227  67.7617  67.8136  68.3947  68.5336  68.7575  69.0899  69.3417  69.6049  69.6703  69.8224  70.1963  70.422  
67.2336  67.7713  67.823  68.404  68.5425  68.7695  69.0995  69.3507  69.617  69.6825  69.8324  70.2055  70.4323  
67.2261  67.7638  67.8156  68.3978  68.5368  68.7676  69.0953  69.3479  69.6179  69.6839  69.8302  70.2058  70.4335  
67.1894  67.7302  67.7834  68.3701  68.5131  68.753  69.0748  69.3352  69.6133  69.6817  69.8168  70.2042  70.4327  
67.1796  67.7202  67.7733  68.3601  68.5029  68.7438  69.0651  69.3256  69.606  69.6746  69.808  70.1958  70.4267  
67.1884  67.7289  67.7822  68.3692  68.5122  68.7543  69.0747  69.3352  69.6155  69.6843  69.8177  70.2051  70.4345  
67.169  67.7111  67.7655  68.3551  68.5006  68.7495  69.0652  69.3303  69.6165  69.6871  69.8128  70.207  70.4366  
67.1903  67.7302  67.7836  68.3706  68.5138  68.7578  69.0763  69.3375  69.6197  69.6886  69.8197  70.2083  70.4382  
67.1814  67.7224  67.7763  68.3644  68.5088  68.7552  69.0722  69.3354  69.6197  69.6896  69.8175  70.2091  70.4389  
67.1518  67.6943  67.7488  68.3388  68.4853  68.735  69.0498  69.3172  69.6055  69.6765  69.7986  70.1967  70.4289  
67.1609  67.7018  67.7556  68.3447  68.4895  68.7386  69.0542  69.3191  69.6083  69.6785  69.802  70.1971  70.4323  
67.1697  67.7095  67.7631  68.3511  68.4953  68.7436  69.0592  69.3229  69.6116  69.6816  69.8057  70.1991  70.4347  
67.1773  67.7168  67.77  68.3569  68.5004  68.7455  69.0632  69.3253  69.611  69.6803  69.8076  70.1987  70.4332  
67.1688  67.7087  67.762  68.3506  68.4944  68.7436  69.0595  69.3226  69.6132  69.6831  69.8071  70.2001  70.4378  
67.164  67.7034  67.7565  68.3459  68.489  68.7413  69.0562  69.3186  69.6134  69.6835  69.8057  70.1983  70.4398  
67.1708  67.7097  67.7625  68.3511  68.4936  68.7443  69.0602  69.3212  69.6148  69.6846  69.8085  70.1991  70.4405  
67.1729  67.7111  67.7634  68.351  68.4922  68.7396  69.0581  69.3171  69.6087  69.6777  69.8047  70.1928  70.4355  
67.1627  67.7012  67.7539  68.3437  68.4863  68.7414  69.0549  69.3168  69.616  69.6862  69.8058  70.1986  70.4443  
67.1821  67.7203  67.7727  68.3599  68.5015  68.7484  69.0664  69.3258  69.6155  69.6844  69.812  70.2  70.44  
67.1782  67.7168  67.7695  68.3574  68.4998  68.7491  69.0653  69.3261  69.6174  69.6867  69.8121  70.2021  70.4414  
67.1802  67.7186  67.7712  68.3591  68.5012  68.7504  69.0667  69.3271  69.6183  69.6876  69.8133  70.2028  70.4422  
67.1541  67.6954  67.7493  68.3401  68.4853  68.7389  69.0526  69.3183  69.6132  69.6843  69.8038  70.2008  70.4398  
67.1846  67.7231  67.7754  68.3621  68.5032  68.747  69.0675  69.3259  69.6125  69.6809  69.8118  70.1983  70.4374  
67.1616  67.7033  67.7569  68.3476  68.4924  68.7435  69.0591  69.3243  69.6158  69.686  69.809  70.2053  70.4423  
67.1882  67.7282  67.7806  68.3677  68.5092  68.7497  69.0727  69.3315  69.6135  69.6814  69.8162  70.2031  70.439  
67.205  67.7456  67.7979  68.3834  68.5243  68.7576  69.0852  69.3419  69.6154  69.6823  69.8249  70.208  70.4398  
67.199  67.7404  67.7928  68.3795  68.521  68.7564  69.083  69.3411  69.6164  69.6837  69.8245  70.2096  70.4419  
67.2025  67.744  67.7964  68.3824  68.5234  68.7558  69.0846  69.3415  69.6138  69.6806  69.8247  70.2079  70.4393  
67.1748  67.7164  67.7694  68.3578  68.5011  68.7432  69.065  69.3268  69.61  69.6788  69.8104  70.2014  70.4366  
67.1709  67.7127  67.7657  68.3542  68.4974  68.7389  69.0613  69.3231  69.6061  69.675  69.8068  70.1977  70.433  
67.1688  67.7105  67.7637  68.3517  68.4955  68.7367  69.0585  69.3211  69.6035  69.6726  69.8034  70.1953  70.4293  
67.1638  67.7053  67.7586  68.3472  68.4911  68.7351  69.0552  69.3184  69.6036  69.6729  69.8014  70.1944  70.4298  
67.1606  67.7025  67.756  68.3452  68.4897  68.735  69.0541  69.3183  69.6046  69.6743  69.8012  70.1956  70.4308  
67.1487  67.6915  67.7461  68.3374  68.4844  68.737  69.0504  69.3194  69.6114  69.6829  69.8015  70.2028  70.4378  
67.1504  67.6929  67.7475  68.3387  68.4856  68.7387  69.0515  69.3204  69.6126  69.684  69.8025  70.2036  70.4384  
