66.0411  66.6456  66.7078  67.3724  67.5291  67.8385  68.174  68.4644  68.8002  68.9066  69.0086  69.4485  69.6605  69.8083  69.8263  69.8429  
66.0386  66.6438  66.7063  67.3714  67.5292  67.8392  68.1735  68.4658  68.8002  68.9065  69.0082  69.4508  69.6606  69.8091  69.828  69.8422  
66.0645  66.6661  66.7277  67.3884  67.5435  67.8483  68.1837  68.47  68.7954  68.8984  69.0114  69.4444  69.6522  69.7998  69.8263  69.8393  
66.0687  66.6692  66.7303  67.3907  67.5451  67.8512  68.1852  68.4703  68.7954  68.8971  69.0123  69.4438  69.6525  69.8002  69.8297  69.8396  
66.0739  66.6737  66.7341  67.3952  67.5495  67.8581  68.1892  68.4742  68.7968  68.8959  69.0157  69.4476  69.656  69.8044  69.841  69.8424  
66.0702  66.6704  66.7305  67.393  67.547  67.8585  68.1889  68.4739  68.8004  68.8996  69.0179  69.4504  69.6622  69.811  69.8476  69.847  
66.092  66.6895  66.7489  67.4078  67.5599  67.866  68.198  68.4788  68.7976  68.8944  69.0208  69.4465  69.6548  69.8021  69.8425  69.8443  
66.1216  66.7148  66.7726  67.4281  67.5775  67.8814  68.2124  68.4886  68.8019  68.8949  69.0294  69.4484  69.656  69.8015  69.8482  69.8475  
66.0913  66.6879  66.7471  67.4055  67.5573  67.8641  68.1951  68.4758  68.7954  68.8921  69.0175  69.4433  69.6527  69.8002  69.8409  69.8407  
66.1096  66.7042  66.7626  67.419  67.5693  67.8734  68.2051  68.4828  68.7981  68.8926  69.0239  69.4452  69.6537  69.8001  69.8445  69.8438  
66.0948  66.6913  66.7501  67.4098  67.5621  67.8729  68.2008  68.4829  68.8049  68.9007  69.0249  69.4535  69.6651  69.8132  69.8565  69.8496  
66.0755  66.6729  66.7323  67.3936  67.5467  67.8608  68.1879  68.4718  68.8004  68.8982  69.0158  69.4478  69.6639  69.8132  69.8534  69.8445  
66.0758  66.6727  66.7321  67.3927  67.5455  67.8591  68.1863  68.4698  68.7987  68.8968  69.0137  69.4452  69.6619  69.8113  69.8509  69.842  
66.0655  66.664  66.724  67.3858  67.5398  67.8541  68.1815  68.4672  68.7981  68.8977  69.0109  69.4454  69.6619  69.8118  69.8484  69.8409  
66.0529  66.652  66.7115  67.3751  67.5284  67.8448  68.1728  68.4575  68.7918  68.8911  69.0049  69.4388  69.6597  69.8102  69.8481  69.838  
66.0501  66.6484  66.7074  67.3714  67.5235  67.8424  68.1697  68.4528  68.7907  68.8896  69.0031  69.4353  69.6606  69.8111  69.8499  69.8379  
66.0562  66.6538  66.7128  67.3758  67.5276  67.8447  68.1728  68.455  68.7915  68.8903  69.0049  69.4355  69.6603  69.8105  69.8492  69.8385  
66.0232  66.6241  66.6843  67.3513  67.5058  67.8295  68.1555  68.4435  68.7913  68.8942  68.9953  69.4353  69.6649  69.8171  69.8484  69.836  
66.0389  66.6367  66.6956  67.3603  67.5122  67.8341  68.1602  68.4434  68.787  68.8866  68.9959  69.4292  69.6601  69.8116  69.8497  69.8334  
66.0364  66.6363  66.6963  67.3612  67.5149  67.8341  68.1619  68.4478  68.7888  68.8902  68.9975  69.4338  69.659  69.8102  69.8439  69.8342  
66.0456  66.6446  66.704  67.3681  67.521  67.8389  68.1669  68.4511  68.7889  68.8888  69.0005  69.4341  69.6578  69.8085  69.8449  69.8353  
66.0448  66.6438  66.7033  67.3672  67.5201  67.8382  68.166  68.4503  68.7884  68.8885  68.9997  69.4333  69.6573  69.8079  69.844  69.8344  
66.056  66.6547  66.7134  67.3774  67.5293  67.8455  68.1746  68.4568  68.7899  68.8874  69.0064  69.437  69.6593  69.8095  69.8508  69.8394  
66.0125  66.6155  66.6763  67.3444  67.5  67.8219  68.15  68.4399  68.7866  68.8907  68.9907  69.4331  69.6598  69.812  69.8405  69.832  
66.0203  66.623  66.6833  67.351  67.5063  67.8268  68.1544  68.4435  68.7829  68.8841  68.9923  69.433  69.6553  69.8074  69.8424  69.8306  
65.9771  66.5842  66.6465  67.3183  67.4772  67.8024  68.1303  68.427  68.7811  68.8893  68.9772  69.4299  69.6569  69.8103  69.83  69.8238  
65.9654  66.5747  66.638  67.3103  67.471  67.7933  68.1239  68.4242  68.7801  68.8917  68.972  69.4296  69.6539  69.8068  69.8174  69.8192  
65.9614  66.5711  66.6344  67.3071  67.468  67.7909  68.1211  68.4216  68.7767  68.8878  68.9696  69.4273  69.6516  69.8048  69.8173  69.8173  
65.9537  66.5644  66.6281  67.3018  67.4633  67.7864  68.1177  68.4198  68.7783  68.8911  68.968  69.4284  69.6535  69.8065  69.8141  69.8174  
65.9808  66.5887  66.6509  67.3233  67.4824  67.8066  68.1349  68.4315  68.7811  68.8878  68.9812  69.4332  69.6578  69.8115  69.8353  69.8271  
65.9779  66.5865  66.6487  67.3221  67.4813  67.8065  68.135  68.432  68.783  68.89  68.9827  69.4355  69.6609  69.8148  69.8381  69.8299  
65.9851  66.5933  66.6554  67.3282  67.4873  67.8118  68.14  68.4367  68.7855  68.8918  68.9862  69.4386  69.6621  69.8158  69.8403  69.8319  
66.0038  66.6097  66.6711  67.3417  67.4996  67.823  68.1502  68.4442  68.7895  68.894  68.993  69.4412  69.6639  69.8169  69.8454  69.8356  
66.0107  66.6159  66.6772  67.347  67.5044  67.8266  68.1541  68.4469  68.7896  68.8931  68.9954  69.4417  69.6632  69.816  69.8466  69.8365  
66.0517  66.6517  66.7114  67.3756  67.5299  67.8461  68.1735  68.4601  68.7911  68.8897  69.0051  69.4417  69.6593  69.8102  69.85  69.8373  
66.0536  66.6533  66.7128  67.3769  67.5311  67.8476  68.1745  68.4609  68.7921  68.8904  69.006  69.4422  69.6596  69.8103  69.8502  69.8378  
