-8.6611  3.86163  0
-8.66321  3.86445  0
-8.6701  3.86427  0
-8.67047  3.86443  0
-8.67347  3.86263  0
-8.6709  3.86268  0
-8.67745  3.86305  0
-8.68431  3.86453  0
-8.68436  3.86511  0
-8.6779  3.86604  0
-8.67792  3.86343  0
-8.67471  3.86187  0
-8.67865  3.86341  0
-8.67418  3.86407  0
-8.67699  3.86064  0
-8.67666  3.85735  0
-8.66822  3.85805  0
-8.6634  3.85724  0
-8.67892  3.85557  0
-8.67014  3.85961  0
-8.67368  3.86032  0
-8.67394  3.86031  0
-8.67453  3.85907  0
-8.66595  3.85899  0
-8.6772  3.85745  0
-8.66545  3.85814  0
-8.66065  3.85893  0
-8.67004  3.85627  0
-8.66431  3.85697  0
-8.66658  3.85762  0
-8.65836  3.8582  0
-8.66493  3.86174  0
-8.66361  3.85987  0
-8.66342  3.85987  0
-8.67614  3.86174  0
-8.67642  3.86198  0
