66.037  66.7775  66.868  67.627  67.8811  68.1523  68.5131  68.9347  69.0936  69.1463  69.4003  69.9648  69.9862  70.1436  
66.1997  66.9675  67.0812  67.7711  67.9893  68.0649  68.6088  68.9636  69.1038  69.2673  69.4578  69.9433  70.0139  70.1253  
66.108  66.898  67.0198  67.7204  67.9541  68.0242  68.5719  68.95  69.0734  69.2435  69.4299  69.9427  69.9892  70.1044  
66.2777  66.9782  67.06  67.7721  67.9886  68.2107  68.607  68.9684  69.1388  69.2009  69.4504  69.9388  69.994  70.1302  
66.1809  66.9566  67.0736  67.7603  67.9801  68.0393  68.5946  68.9483  69.0746  69.2408  69.4391  69.9202  69.9858  70.0977  
66.152  66.8809  66.97  67.7076  67.9502  68.1872  68.5673  68.9638  69.1044  69.156  69.4289  69.9564  69.9821  70.1347  
66.1197  66.9048  67.0223  67.7252  67.9521  68.0273  68.5783  68.948  69.085  69.253  69.4405  69.9457  70.0051  70.116  
66.1113  66.892  67.0095  67.7131  67.9436  68.0309  68.5653  68.941  69.0725  69.2362  69.4243  69.9359  69.9846  70.1043  
66.3238  67.0064  67.0838  67.7827  67.9865  68.2082  68.6041  68.947  69.1334  69.1959  69.4385  69.9066  69.9846  70.1157  
66.0509  66.8647  66.9934  67.6973  67.9374  67.9762  68.5614  68.9516  69.0853  69.2778  69.4337  69.967  70.0225  70.1126  
66.0484  66.8671  66.9974  67.6999  67.9404  67.9707  68.5618  68.9498  69.0731  69.2654  69.4307  69.9585  70.0088  70.1001  
66.1007  66.8781  66.9955  67.7007  67.9343  68.033  68.556  68.9391  69.0772  69.241  69.4177  69.9405  69.9875  70.1078  
65.9891  66.7937  66.9213  67.634  67.8833  67.9608  68.505  68.913  69.0461  69.2275  69.3803  69.936  69.9733  70.0839  
66.0637  66.8048  66.8962  67.6484  67.901  68.1526  68.5249  68.9395  69.0816  69.1341  69.4012  69.9522  69.9682  70.1243  
65.9545  66.7729  66.902  67.619  67.8663  67.9256  68.496  68.8996  69.0329  69.2206  69.3786  69.9293  69.9738  70.0757  
65.9844  66.7962  66.9238  67.6405  67.8874  67.9584  68.5142  68.916  69.0431  69.223  69.3923  69.9379  69.9753  70.0865  
66.2598  66.9536  67.0329  67.7445  67.9556  68.1876  68.5796  68.9331  69.1163  69.1754  69.4268  69.9079  69.9822  70.119  
65.9956  66.8186  66.952  67.655  67.9009  67.9296  68.5211  68.9192  69.0463  69.246  69.394  69.9365  69.9863  70.0754  
66.109  66.8466  66.9368  67.6878  67.9366  68.1907  68.5649  68.9764  69.1309  69.186  69.4434  69.9931  70.0148  70.1684  
66.0006  66.7529  66.8457  67.6155  67.8775  68.1524  68.5125  68.9452  69.096  69.147  69.4081  69.9847  69.9946  70.1555  
66.1481  66.9132  67.0247  67.7256  67.9476  68.0499  68.5728  68.9371  69.082  69.2385  69.4296  69.9285  69.9906  70.1127  
66.1265  66.8639  66.9531  67.7  67.9444  68.1822  68.5653  68.9594  69.0854  69.1288  69.4319  69.9537  69.9768  70.1358  
66.0311  66.831  66.956  67.6646  67.9066  67.979  68.5297  68.9248  69.0594  69.2387  69.401  69.94  69.9865  70.0953  
66.1261  66.8559  66.9439  67.685  67.9246  68.1647  68.5479  68.94  69.084  69.135  69.4139  69.9369  69.9687  70.1217  
66.1344  66.8791  66.9703  67.7194  67.9685  68.1973  68.5849  68.9818  69.0921  69.1323  69.4499  69.971  69.9853  70.147  
66.0464  66.8673  66.9992  67.6951  67.9335  67.9481  68.5529  68.9374  69.0643  69.265  69.4195  69.944  70.003  70.0844  
66.1099  66.8937  67.0127  67.7103  67.9382  68.0069  68.5616  68.9342  69.0793  69.2546  69.4238  69.9353  70.0042  70.1092  
66.1038  66.8994  67.0224  67.7176  67.947  67.9954  68.5654  68.9348  69.0587  69.2358  69.4216  69.9239  69.981  70.0859  
66.0639  66.8614  66.9855  67.6904  67.9292  67.9963  68.5512  68.9409  69.076  69.2555  69.4191  69.9513  70.0014  70.1067  
66.0649  66.8584  66.9819  67.686  67.9252  67.9988  68.5445  68.9347  69.0662  69.242  69.4089  69.9407  69.9858  70.0963  
66.0915  66.8243  66.9141  67.6568  67.9017  68.1444  68.5238  68.9276  69.0757  69.1324  69.3924  69.9312  69.9556  70.1074  
66.149  66.9299  67.0482  67.7407  67.9648  68.0279  68.5835  68.9465  69.0795  69.2498  69.4364  69.9317  69.9965  70.1051  
66.2037  66.9277  67.0142  67.7459  67.9797  68.2043  68.5941  68.9693  69.0956  69.1379  69.4463  69.9433  69.9792  70.1337  
66.2009  66.9795  67.0984  67.773  67.9874  68.0187  68.5971  68.9396  69.0644  69.2403  69.4336  69.9002  69.977  70.075  
66.1742  66.9469  67.0611  67.7536  67.9727  68.0448  68.5931  68.9489  69.0839  69.2473  69.443  69.9292  69.9957  70.1081  
66.0961  66.8318  66.9222  67.6667  67.9131  68.1545  68.5354  68.9411  69.0864  69.1431  69.4049  69.9451  69.9653  70.117  
66.0378  66.8211  66.9391  67.6518  67.8883  67.9908  68.5192  68.9111  69.0669  69.2375  69.3948  69.9342  69.9905  70.1032  
66.1498  66.9252  67.041  67.7393  67.9645  68.0475  68.5845  68.9504  69.081  69.2422  69.4379  69.9361  69.991  70.1107  
66.1239  66.9043  67.0212  67.7161  67.9388  68.0043  68.5627  68.9263  69.0706  69.2435  69.4208  69.9204  69.9926  70.0964  
66.1451  66.9199  67.0338  67.7386  67.9643  68.059  68.5909  68.9613  69.1021  69.2629  69.4515  69.9586  70.0138  70.131  
66.1079  66.8367  66.9251  67.6666  67.9081  68.1545  68.5327  68.932  69.0865  69.1425  69.4018  69.9364  69.9674  70.1183  
66.1223  66.889  67.0026  67.6999  67.9242  68.0191  68.5458  68.9138  69.0599  69.2215  69.4019  69.9067  69.9729  70.0932  
66.1151  66.8881  67.0049  67.7058  67.938  68.0349  68.5567  68.9378  69.0781  69.2423  69.4149  69.936  69.9871  70.1067  
66.1207  66.8959  67.0113  67.7129  67.94  68.0295  68.5644  68.9373  69.0818  69.2471  69.425  69.9366  69.9969  70.1114  
66.0602  66.8416  66.9592  67.6685  67.9025  68.0006  68.5307  68.9165  69.0658  69.2341  69.401  69.9305  69.9868  70.1023  
66.1071  66.8821  66.9972  67.7007  67.9286  68.0225  68.5542  68.9289  69.0749  69.2394  69.4166  69.9307  69.9904  70.1063  
66.1363  66.9214  67.0423  67.7342  67.9629  68.0224  68.5756  68.9439  69.0641  69.2343  69.4246  69.9241  69.9764  70.0896  
66.1505  66.9188  67.034  67.7278  67.9528  68.0409  68.5678  68.9331  69.0627  69.2215  69.4158  69.9126  69.9676  70.0925  
66.2745  66.9634  67.0403  67.7534  67.9599  68.2029  68.5921  68.9451  69.1488  69.2151  69.4433  69.9291  70.0039  70.1359  
66.291  66.9847  67.0634  67.7739  67.9825  68.2098  68.6081  68.9594  69.1455  69.2087  69.4539  69.9327  70.0032  70.1365  
65.9826  66.7749  66.8949  67.6137  67.854  67.9534  68.4914  68.8915  69.057  69.2348  69.3783  69.9316  69.9938  70.1004  
66.1544  66.9169  67.0307  67.7182  67.9385  68.0207  68.5534  68.9126  69.0535  69.2161  69.3997  69.8919  69.9631  70.082  
66.0673  66.8606  66.9816  67.6931  67.9305  68.0156  68.5573  68.9451  69.0798  69.2499  69.4279  69.9562  70.0022  70.1173  
66.1166  66.8483  66.9369  67.6809  67.9237  68.1696  68.5481  68.9466  69.0942  69.1457  69.4179  69.9498  69.9792  70.1326  
66.0047  66.8295  66.9613  67.6655  67.9071  67.9299  68.5328  68.9246  69.0576  69.2585  69.4085  69.9443  70.0019  70.0837  
66.1062  66.882  66.9994  67.7043  67.9389  68.0411  68.5579  68.9422  69.0753  69.2369  69.4167  69.9397  69.98  70.1039  
66.0378  66.7775  66.8677  67.626  67.8786  68.1488  68.5116  68.9308  69.0917  69.1448  69.3991  69.9615  69.9871  70.1448  
66.1039  66.8448  66.935  67.6846  67.9333  68.1714  68.5509  68.9488  69.0644  69.1037  69.4175  69.9431  69.9625  70.1272  
65.9717  66.7938  66.9245  67.635  67.88  67.9194  68.5093  68.9094  69.05  69.2482  69.3917  69.9402  69.9967  70.0837  
66.2062  66.9119  66.9947  67.7161  67.9381  68.1753  68.5632  68.9373  69.1176  69.1822  69.4181  69.9253  69.9776  70.115  
66.1723  66.9282  67.0358  67.7359  67.9528  68.0651  68.5804  68.9388  69.0915  69.2438  69.4354  69.9285  69.9949  70.1168  
66.1606  66.9159  67.0252  67.7244  67.946  68.0627  68.5682  68.9338  69.0808  69.233  69.4205  69.922  69.9796  70.1068  
66.0518  66.7921  66.8823  67.6393  67.8906  68.1549  68.5228  68.9389  69.0958  69.1492  69.4078  69.9646  69.988  70.1442  
66.1919  66.9548  67.0675  67.7533  67.9691  68.0443  68.5847  68.9344  69.0699  69.2299  69.4276  69.9053  69.9772  70.0946  
66.1022  66.8907  67.0116  67.7146  67.9492  68.0255  68.5692  68.951  69.0811  69.2514  69.4307  69.9505  69.999  70.1134  
65.9348  66.7443  66.871  67.5922  67.8413  67.9231  68.4753  68.8872  69.0396  69.2262  69.3652  69.9311  69.9805  70.0828  
66.1366  66.9204  67.0403  67.7333  67.9611  68.0237  68.575  68.942  69.0627  69.2307  69.4243  69.9222  69.9753  70.0906  
66.0426  66.8442  66.9694  67.6815  67.9258  68.0038  68.548  68.9457  69.0714  69.2461  69.4185  69.9582  69.9931  70.1076  
66.1273  66.9151  67.0365  67.729  67.9579  68.0141  68.5721  68.9409  69.0632  69.2355  69.4234  69.9243  69.9796  70.0905  
66.1572  66.9377  67.0545  67.7518  67.9761  68.048  68.5972  68.9605  69.0903  69.2551  69.4513  69.946  70.0038  70.1172  
66.175  66.9477  67.0649  67.7511  67.9736  68.0391  68.5841  68.9427  69.0659  69.2302  69.4261  69.9131  69.9721  70.0889  
66.283  66.9764  67.0556  67.7625  67.9704  68.1895  68.592  68.9391  69.1177  69.1787  69.4337  69.9049  69.9792  70.1132  
66.1102  66.8859  67.0011  67.7024  67.9281  68.0152  68.5537  68.9235  69.0685  69.2338  69.4148  69.9221  69.9866  70.1014  
66.0745  66.8865  67.0154  67.7088  67.9432  67.966  68.5597  68.9362  69.0564  69.2477  69.4187  69.9306  69.9865  70.0769  
65.9712  66.7964  66.9284  67.6412  67.8889  67.9313  68.5157  68.9173  69.0447  69.2381  69.396  69.9425  69.9871  70.0829  
66.1531  66.94  67.061  67.7517  67.9784  68.0308  68.5943  68.9601  69.0883  69.2632  69.4464  69.9446  70.0068  70.1117  
66.0957  66.8696  66.9845  67.6877  67.915  68.0099  68.5418  68.9162  69.0669  69.2325  69.4059  69.9205  69.9854  70.1008  
66.1201  66.9069  67.0276  67.7198  67.9466  68.001  68.5654  68.9334  69.0698  69.2475  69.4218  69.9253  69.9937  70.0966  
66.1362  66.9426  67.07  67.7632  67.9969  68.0286  68.6099  68.9835  69.094  69.2763  69.4629  69.9678  70.0135  70.1123  
66.1331  66.8982  67.0098  67.7138  67.9383  68.0478  68.5657  68.9365  69.0885  69.2466  69.427  69.9367  69.998  70.1182  
66.0271  66.8319  66.9574  67.6663  67.9069  67.9704  68.5309  68.9225  69.0519  69.232  69.4013  69.9349  69.9796  70.0858  
66.3068  66.991  67.0681  67.7705  67.975  68.2017  68.595  68.9381  69.1237  69.183  69.4329  69.9014  69.982  70.1161  
66.0928  66.8748  66.9927  67.694  67.9229  68.0019  68.547  68.9217  69.0637  69.2339  69.4092  69.9229  69.9843  70.0958  
66.1442  66.9224  67.0407  67.7362  67.9649  68.0413  68.5812  68.9531  69.0842  69.2512  69.4343  69.9409  69.9955  70.1107  
66.1326  66.8958  67.0088  67.7077  67.9336  68.0403  68.5512  68.9204  69.0536  69.2076  69.4014  69.9041  69.9525  70.0833  
66.249  66.9441  67.0224  67.7407  67.9513  68.1957  68.5844  68.942  69.1391  69.2021  69.4401  69.9304  70.0036  70.139  
66.0187  66.8199  66.9444  67.6557  67.8974  67.9721  68.5233  68.9183  69.0538  69.232  69.397  69.936  69.9823  70.0916  
66.0557  66.8635  66.9913  67.6927  67.9322  67.9786  68.5504  68.9369  69.0584  69.2424  69.4144  69.9392  69.9861  70.089  
66.1468  66.9035  67.0131  67.713  67.9345  68.0497  68.5587  68.9243  69.0754  69.2289  69.4141  69.9163  69.9798  70.1059  
66.27  66.9582  67.0352  67.747  67.9535  68.1954  68.5842  68.9365  69.1385  69.2038  69.4341  69.9186  69.9951  70.1277  
66.1535  66.9305  67.0481  67.7415  67.9673  68.0401  68.5835  68.9494  69.0787  69.2441  69.4344  69.9323  69.9906  70.1068  
66.0641  66.8598  66.983  67.687  67.9236  67.9911  68.545  68.9298  69.0607  69.2369  69.41  69.9343  69.984  70.0933  
66.3369  67.0134  67.0882  67.785  67.982  68.2066  68.6041  68.9369  69.1322  69.1939  69.4382  69.8948  69.9835  70.112  
66.1387  66.9108  67.0274  67.7266  67.9571  68.0521  68.5739  68.9502  69.0834  69.2445  69.4282  69.9406  69.9897  70.1131  
66.1201  66.9131  67.0361  67.7278  67.9571  68.0037  68.5715  68.9403  69.0615  69.2382  69.4233  69.9244  69.9804  70.0858  
66.075  66.8559  66.9742  67.6803  67.9149  68.0097  68.5368  68.9213  69.0576  69.223  69.3997  69.9246  69.9718  70.0929  
66.0637  66.8497  66.9687  67.6782  67.914  68.006  68.5398  68.9272  69.0679  69.2367  69.4082  69.9383  69.9873  70.1033  
66.0882  66.831  66.9213  67.6746  67.9234  68.1678  68.5478  68.9493  69.077  69.1202  69.4221  69.954  69.9767  70.1381  
66.1279  66.8633  66.9538  67.6943  67.9401  68.1707  68.5548  68.9534  69.0804  69.1306  69.4155  69.9422  69.9594  70.1139  
66.1037  66.8765  66.9909  67.6962  67.9247  68.0263  68.5505  68.9269  69.0728  69.2347  69.4132  69.9292  69.9856  70.105  
