67.5592  69.1102  69.5933  
67.5604  69.1111  69.5941  
67.5611  69.1114  69.5941  
67.562  69.1116  69.5953  
67.5516  69.1082  69.5942  
67.5293  69.0987  69.59  
67.5371  69.1023  69.5913  
67.5387  69.103  69.5912  
67.5388  69.1031  69.5912  
67.5332  69.1002  69.5897  
67.5331  69.1001  69.5897  
67.534  69.1008  69.59  
67.5334  69.1007  69.5897  
67.5337  69.1008  69.5898  
67.5326  69.1005  69.5896  
67.5508  69.1077  69.5925  
67.5542  69.1088  69.5925  
67.5618  69.1115  69.5914  
67.554  69.1088  69.5928  
67.554  69.1088  69.5927  
67.5541  69.1088  69.5927  
67.5549  69.1089  69.5922  
67.5536  69.1084  69.5921  
67.5551  69.1093  69.5925  
67.5541  69.1093  69.5926  
67.5566  69.1103  69.5928  
67.5559  69.1106  69.594  
67.5546  69.1098  69.5937  
67.5546  69.1098  69.5937  
67.5516  69.1085  69.5933  
67.5553  69.1097  69.5927  
67.5451  69.1064  69.5951  
67.5506  69.1083  69.5942  
67.5444  69.1059  69.5934  
67.5486  69.1065  69.5938  
67.5566  69.1094  69.5927  
67.5568  69.1095  69.5927  
67.553  69.1079  69.5919  
67.5534  69.1081  69.592  
67.5698  69.1149  69.5946  
67.5621  69.1117  69.5931  
67.5555  69.1094  69.5941  
67.5579  69.1104  69.5945  
67.5576  69.1102  69.5944  
67.5716  69.1154  69.5933  
67.5577  69.1105  69.5953  
67.5592  69.1113  69.5956  
67.5582  69.1108  69.5956  
67.5534  69.1088  69.5945  
67.5538  69.1091  69.595  
