65.9788  66.7158  66.8039  67.5842  67.8133  68.1494  68.5098  68.9145  69.1632  69.2687  69.4412  
65.9717  66.7099  66.7986  67.5801  67.8113  68.1496  68.5072  68.9158  69.1637  69.2694  69.4394  
65.9902  66.7259  66.8134  67.5923  67.8201  68.1539  68.5155  68.918  69.1649  69.2697  69.4445  
65.9885  66.7238  66.8109  67.5905  67.8178  68.1539  68.5145  68.9168  69.1657  69.2706  69.4445  
65.9698  66.7069  66.794  67.5777  67.8068  68.1505  68.5065  68.9135  69.1667  69.2719  69.4409  
65.9672  66.7036  66.7903  67.5744  67.8027  68.1485  68.5037  68.9099  69.1661  69.2714  69.4391  
65.9811  66.7163  66.8023  67.5846  67.811  68.1526  68.511  68.9134  69.1667  69.2712  69.4435  
65.9869  66.7202  66.8049  67.5873  67.8117  68.1556  68.5129  68.9132  69.1688  69.2725  69.445  
65.9811  66.7156  66.8014  67.5837  67.81  68.1534  68.5102  68.913  69.168  69.2726  69.4429  
65.9881  66.7214  66.8066  67.5882  67.813  68.1555  68.5133  68.9139  69.1687  69.2728  69.4449  
65.9637  66.6991  66.785  67.5704  67.7987  68.1502  68.5011  68.9089  69.1695  69.2746  69.4381  
65.9587  66.6942  66.7803  67.5661  67.7945  68.1475  68.4981  68.9062  69.1698  69.2758  69.4366  
65.9638  66.6983  66.7843  67.5689  67.7967  68.1487  68.4997  68.9067  69.1703  69.2762  69.4371  
65.9622  66.6974  66.784  67.5685  67.7973  68.1483  68.4993  68.9076  69.1697  69.2759  69.4366  
65.9532  66.6889  66.7749  67.5615  67.7893  68.1434  68.4948  68.9021  69.1687  69.2751  69.4351  
65.9505  66.6857  66.771  67.5584  67.7846  68.1409  68.4928  68.8981  69.1689  69.2756  69.4349  
65.9584  66.6927  66.7779  67.5638  67.7891  68.1427  68.4964  68.8997  69.1692  69.2759  69.4368  
65.9419  66.6781  66.7644  67.5522  67.7802  68.1378  68.4883  68.8965  69.1688  69.2767  69.432  
65.9443  66.679  66.7641  67.5524  67.7781  68.1378  68.4886  68.8937  69.17  69.2776  69.4331  
65.9525  66.688  66.774  67.5604  67.7876  68.1416  68.4939  68.9003  69.1687  69.2758  69.4348  
65.9551  66.6902  66.7759  67.5623  67.7888  68.143  68.4954  68.9008  69.1689  69.2756  69.436  
65.9554  66.6904  66.7761  67.5624  67.789  68.1432  68.4956  68.9009  69.1691  69.2759  69.4361  
65.9498  66.6857  66.7709  67.5589  67.7854  68.1412  68.4934  68.8992  69.168  69.2743  69.4352  
65.9415  66.679  66.7659  67.5537  67.7829  68.138  68.4894  68.8989  69.1671  69.2748  69.4322  
65.929  66.6687  66.7556  67.5467  67.7776  68.1368  68.4858  68.8989  69.1675  69.2749  69.4312  
65.9198  66.6613  66.7499  67.541  67.7748  68.1335  68.4815  68.8987  69.1664  69.2751  69.428  
65.9192  66.6623  66.752  67.5426  67.7787  68.1346  68.4828  68.9029  69.1662  69.2751  69.4282  
65.9121  66.6562  66.746  67.538  67.7746  68.1321  68.4798  68.9011  69.1655  69.2745  69.427  
65.9109  66.6554  66.7455  67.5375  67.7746  68.1317  68.4794  68.9014  69.1651  69.2743  69.4265  
65.9158  66.6583  66.7469  67.5389  67.7733  68.1323  68.4801  68.8984  69.1651  69.2735  69.4271  
65.9149  66.6575  66.7461  67.5383  67.7726  68.1315  68.4797  68.8978  69.1644  69.2729  69.4268  
65.9189  66.6609  66.7494  67.5408  67.7751  68.1333  68.4809  68.899  69.1642  69.2724  69.4265  
65.9246  66.6653  66.7534  67.5441  67.7772  68.1356  68.4833  68.8997  69.1659  69.2738  69.4284  
65.9263  66.6669  66.7547  67.5455  67.7782  68.1364  68.4844  68.9002  69.1662  69.2739  69.4292  
65.9398  66.6779  66.7645  67.5538  67.7844  68.142  68.4901  68.9029  69.1691  69.2758  69.4327  
65.9406  66.6785  66.765  67.5543  67.7849  68.1432  68.4907  68.9034  69.1698  69.2763  69.4332  
