67.2527  67.9408  68.021  68.7643  68.9776  69.329  69.6467  70.0247  70.2747  70.365  70.5346  
67.244  67.9336  68.0146  68.759  68.9749  69.3282  69.6431  70.0255  70.2745  70.3652  70.532  
67.2561  67.9438  68.0245  68.7661  68.9803  69.3295  69.6469  70.0258  70.2734  70.3639  70.5329  
67.2509  67.939  68.0198  68.7622  68.9769  69.3284  69.6444  70.0244  70.2739  70.3649  70.5316  
67.2225  67.9144  67.997  68.7436  68.9634  69.3224  69.6323  70.0216  70.2745  70.3671  70.5254  
67.2203  67.9118  67.9941  68.7413  68.9605  69.3219  69.6309  70.0199  70.2762  70.3691  70.5254  
67.2285  67.9194  68.002  68.7471  68.9658  69.3229  69.6343  70.0214  70.2742  70.3669  70.5261  
67.2212  67.9128  67.9964  68.7417  68.9625  69.3212  69.6301  70.0206  70.2742  70.3679  70.5229  
67.2278  67.9181  68.0006  68.7456  68.9646  69.3234  69.6328  70.0208  70.275  70.3679  70.5247  
67.2277  67.9182  68.0014  68.7456  68.9654  69.323  69.6326  70.0214  70.275  70.3683  70.5243  
67.2031  67.8962  67.9801  68.7287  68.9519  69.3184  69.6219  70.0178  70.2769  70.3712  70.5194  
67.2047  67.8967  67.9797  68.7286  68.95  69.3185  69.6219  70.0158  70.2784  70.3727  70.5202  
67.2109  67.9015  67.9842  68.7319  68.9523  69.32  69.6237  70.0159  70.2787  70.3727  70.5206  
67.2139  67.9044  67.9868  68.7343  68.9543  69.3211  69.6254  70.0169  70.2786  70.3723  70.5217  
67.2067  67.8976  67.9799  68.7291  68.9489  69.3193  69.6227  70.0144  70.2807  70.375  70.522  
67.2039  67.8944  67.9762  68.7263  68.9448  69.3176  69.6212  70.0114  70.2818  70.3765  70.5223  
67.2115  67.9011  67.9826  68.7313  68.9487  69.319  69.6243  70.0124  70.2816  70.3761  70.5237  
67.2051  67.8949  67.9758  68.7266  68.9437  69.3182  69.6218  70.0104  70.2832  70.3776  70.5234  
67.1996  67.8894  67.9707  68.7217  68.9394  69.3161  69.6181  70.0078  70.2837  70.3789  70.5213  
67.2131  67.9025  67.9836  68.7325  68.9498  69.3205  69.6253  70.0133  70.2819  70.3759  70.5243  
67.2122  67.9018  67.9833  68.7321  68.95  69.3208  69.6251  70.0138  70.2819  70.376  70.524  
67.2128  67.9023  67.9837  68.7325  68.9501  69.3209  69.6253  70.0137  70.2819  70.3759  70.524  
67.1996  67.8916  67.9743  68.7247  68.9453  69.3175  69.6204  70.0135  70.2817  70.3767  70.5218  
67.2098  67.8999  67.981  68.7312  68.9486  69.3205  69.6251  70.0137  70.2826  70.3764  70.5252  
67.189  67.8829  67.9657  68.7188  68.9408  69.3164  69.6173  70.0134  70.2815  70.3761  70.5207  
67.1979  67.8905  67.9718  68.7251  68.9445  69.3196  69.6221  70.0145  70.2825  70.3761  70.5243  
67.2041  67.897  67.9783  68.7308  68.9503  69.3216  69.626  70.0179  70.2809  70.3737  70.526  
67.1966  67.8907  67.9723  68.726  68.9464  69.3195  69.623  70.0166  70.2805  70.3735  70.5247  
67.1988  67.8927  67.9742  68.7279  68.9479  69.3203  69.6245  70.0174  70.2806  70.3734  70.5257  
67.1908  67.885  67.9672  68.7212  68.9426  69.318  69.6197  70.0152  70.2824  70.3763  70.5232  
67.1905  67.8849  67.9671  68.7213  68.9426  69.3181  69.6201  70.0154  70.2831  70.3771  70.5239  
67.192  67.8861  67.9685  68.722  68.9438  69.3185  69.6199  70.016  70.2823  70.3762  70.5226  
67.1916  67.8855  67.968  68.7212  68.9429  69.3176  69.6191  70.0149  70.2818  70.3759  70.5219  
67.1906  67.8848  67.9675  68.7207  68.943  69.3174  69.6187  70.0152  70.2816  70.3759  70.5215  
67.1883  67.8826  67.9665  68.7183  68.9426  69.3159  69.6157  70.0149  70.2799  70.3751  70.5176  
67.189  67.8831  67.9669  68.7187  68.943  69.317  69.6161  70.0154  70.2805  70.3754  70.518  
