67.2877  68.4781  68.7805  69.6177  70.0105  70.0851  
67.2832  68.4766  68.7823  69.6167  70.0091  70.0875  
67.2934  68.4819  68.7847  69.6188  70.0099  70.0857  
67.2872  68.4777  68.7811  69.6169  70.0103  70.0858  
67.2634  68.4632  68.7731  69.6097  70.0094  70.0881  
67.2581  68.4585  68.7678  69.6075  70.011  70.087  
67.2672  68.4647  68.7728  69.6103  70.0099  70.0867  
67.2608  68.4604  68.7704  69.6076  70.0098  70.0872  
67.2655  68.4631  68.7715  69.6091  70.0107  70.0869  
67.2667  68.4636  68.7722  69.6092  70.0116  70.0873  
67.2439  68.4488  68.7628  69.6019  70.0114  70.0886  
67.2417  68.4457  68.7578  69.6006  70.0142  70.0873  
67.2463  68.448  68.7588  69.6013  70.0149  70.0867  
67.2499  68.4508  68.7613  69.6028  70.0148  70.0872  
67.2389  68.4424  68.7527  69.5996  70.017  70.086  
67.2313  68.4359  68.7446  69.5969  70.0189  70.0838  
67.2386  68.4402  68.7472  69.5989  70.02  70.0836  
67.2307  68.4346  68.7421  69.5965  70.0212  70.0836  
67.2228  68.4281  68.7359  69.593  70.0222  70.0822  
67.2407  68.4422  68.7495  69.6  70.0195  70.0844  
67.24  68.4424  68.7502  69.6002  70.0187  70.0849  
67.2404  68.4426  68.7502  69.6003  70.0187  70.0848  
67.2309  68.437  68.7478  69.5975  70.0181  70.0859  
67.2381  68.4412  68.7491  69.6  70.0195  70.0852  
67.2235  68.4341  68.7477  69.5967  70.0164  70.088  
67.2303  68.4386  68.7498  69.5995  70.0178  70.0882  
67.2405  68.447  68.7585  69.6038  70.0162  70.0901  
67.2337  68.4428  68.7555  69.6018  70.0152  70.0898  
67.236  68.4446  68.7569  69.6029  70.0154  70.0901  
67.2268  68.437  68.7506  69.5987  70.0167  70.0892  
67.2263  68.4367  68.75  69.5988  70.0175  70.0893  
67.2293  68.4387  68.7526  69.599  70.0164  70.0896  
67.2281  68.4375  68.7512  69.5982  70.0163  70.0889  
67.2279  68.4376  68.7517  69.5983  70.0161  70.0892  
67.2283  68.4374  68.7531  69.5969  70.0155  70.0896  
67.2281  68.4379  68.7538  69.5974  70.015  70.09  
