66.6075  67.8501  68.1737  69.0318  69.442  69.5293  
66.6042  67.8496  68.1763  69.0316  69.4413  69.5323  
66.6189  67.8574  68.1794  69.0355  69.4442  69.5307  
66.615  67.8544  68.1761  69.0343  69.4452  69.5305  
66.5981  67.8439  68.1693  69.0295  69.4459  69.5323  
66.5921  67.8385  68.1632  69.0264  69.446  69.53  
66.6053  67.8474  68.1695  69.0312  69.4467  69.5302  
66.6076  67.8482  68.169  69.0318  69.4485  69.5303  
66.6039  67.8459  68.1682  69.0303  69.4478  69.5305  
66.6099  67.8493  68.1699  69.0321  69.4495  69.5305  
66.5872  67.8345  68.1605  69.0243  69.4489  69.5315  
66.5804  67.8283  68.154  69.021  69.4508  69.53  
66.5841  67.83  68.1548  69.0215  69.4514  69.5295  
66.5847  67.8311  68.1567  69.022  69.4507  69.5304  
66.5723  67.8214  68.1461  69.0174  69.4511  69.5272  
66.5645  67.8143  68.1371  69.0141  69.4527  69.5241  
66.572  67.8187  68.14  69.0163  69.4539  69.524  
66.5571  67.8087  68.1332  69.011  69.4534  69.5241  
66.5545  67.8051  68.1273  69.0092  69.4555  69.5217  
66.569  67.8178  68.1413  69.0157  69.4524  69.5254  
66.5706  67.8194  68.1425  69.0168  69.452  69.5256  
66.5707  67.8195  68.1424  69.0169  69.4522  69.5257  
66.5667  67.8171  68.1406  69.0158  69.4517  69.5256  
66.5611  67.8135  68.1394  69.0136  69.4506  69.5258  
66.5528  67.8103  68.1394  69.0128  69.4496  69.5287  
66.5472  67.8073  68.1388  69.011  69.4482  69.5295  
66.5532  67.8136  68.1474  69.0143  69.4466  69.5327  
66.5468  67.8094  68.1442  69.0123  69.4457  69.5322  
66.5468  67.8099  68.1452  69.0125  69.4451  69.5326  
66.546  67.8072  68.1399  69.0109  69.4468  69.5299  
66.5449  67.8065  68.139  69.0105  69.4466  69.5296  
66.5494  67.8097  68.1424  69.0117  69.4459  69.5302  
66.5525  67.811  68.1424  69.0125  69.4476  69.53  
66.5542  67.8123  68.1434  69.0134  69.4479  69.5303  
66.5654  67.8188  68.1477  69.0165  69.451  69.5312  
66.5653  67.8194  68.1485  69.0171  69.4505  69.5317  
