66.6085  67.8516  68.1764  69.032  69.4384  69.5282  
66.6094  67.852  68.1767  69.0324  69.4394  69.5286  
66.6103  67.8525  68.1768  69.0327  69.4399  69.5286  
66.6106  67.8532  68.1787  69.0327  69.4394  69.5297  
66.6039  67.8478  68.1722  69.0304  69.4404  69.5282  
66.591  67.8361  68.1591  69.0241  69.4425  69.5242  
66.5968  67.8404  68.1628  69.0267  69.4433  69.5254  
66.5989  67.8416  68.1632  69.0275  69.4442  69.5254  
66.599  67.8417  68.1632  69.0275  69.4442  69.5254  
66.5953  67.8385  68.1601  69.0256  69.4442  69.5242  
66.5953  67.8384  68.16  69.0256  69.4444  69.5242  
66.5964  67.8393  68.1607  69.0263  69.4448  69.5246  
66.5951  67.8386  68.1598  69.0262  69.4444  69.5242  
66.5956  67.8389  68.1601  69.0263  69.4445  69.5243  
66.5937  67.8381  68.1595  69.0261  69.4439  69.5243  
66.6041  67.8472  68.1699  69.0307  69.4418  69.527  
66.606  67.8493  68.1725  69.0316  69.4402  69.5274  
66.6147  67.8542  68.1749  69.0339  69.4411  69.5264  
66.606  67.8493  68.1724  69.0317  69.4405  69.5277  
66.6059  67.8493  68.1724  69.0317  69.4403  69.5275  
66.606  67.8494  68.1724  69.0317  69.4403  69.5275  
66.6074  67.85  68.1726  69.0319  69.4404  69.5271  
66.6053  67.8488  68.1719  69.0313  69.4398  69.527  
66.6056  67.8494  68.1725  69.0318  69.4396  69.5273  
66.6057  67.8491  68.1717  69.032  69.4409  69.5275  
66.6077  67.8506  68.173  69.0328  69.441  69.5277  
66.6054  67.8498  68.1731  69.0328  69.4407  69.5287  
66.6037  67.8488  68.1726  69.032  69.44  69.5284  
66.6037  67.8488  68.1726  69.032  69.44  69.5284  
66.6015  67.8471  68.171  69.031  69.4399  69.528  
66.6055  67.8493  68.1724  69.0319  69.4398  69.5275  
66.5931  67.8427  68.1694  69.0291  69.439  69.5296  
66.5993  67.8462  68.1712  69.0307  69.4395  69.5289  
66.595  67.8428  68.1677  69.0288  69.4394  69.5278  
66.6038  67.8469  68.1707  69.0297  69.4415  69.5279  
66.6127  67.852  68.1735  69.032  69.4421  69.5269  
66.6129  67.8521  68.1736  69.0321  69.4422  69.5269  
66.6111  67.8503  68.1712  69.0311  69.4427  69.5261  
66.6117  67.8506  68.1713  69.0314  69.4431  69.5262  
66.6216  67.8594  68.1809  69.0361  69.4416  69.529  
66.6176  67.8556  68.1763  69.0341  69.4425  69.5275  
66.6112  67.8518  68.174  69.0326  69.4427  69.5285  
66.6126  67.8531  68.1754  69.0332  69.4425  69.5289  
66.6124  67.8529  68.1753  69.0331  69.4424  69.5288  
66.6264  67.8614  68.1807  69.0371  69.4432  69.5279  
66.6114  67.8528  68.1759  69.0332  69.4422  69.5296  
66.6128  67.8538  68.1767  69.0339  69.4424  69.5299  
66.6113  67.853  68.1764  69.0333  69.442  69.5299  
66.6093  67.8508  68.1733  69.0323  69.4429  69.5289  
66.6085  67.8506  68.1739  69.0321  69.4423  69.5293  
