67.3273  67.724  67.761  68.2218  68.3092  68.5726  68.7904  68.9497  69.2679  69.331  69.406  69.651  69.9481  70.0435  70.0508  70.1215  
67.3279  67.7246  67.7615  68.2222  68.3095  68.5726  68.7906  68.9497  69.2676  69.3306  69.406  69.6507  69.9475  70.0427  70.0507  70.1207  
67.327  67.724  67.761  68.2221  68.3097  68.5735  68.7912  68.9508  69.2696  69.3327  69.4073  69.653  69.9506  70.0462  70.0527  70.1245  
67.3247  67.7215  67.7586  68.2194  68.3072  68.5708  68.7881  68.948  69.2662  69.3294  69.4037  69.6497  69.9464  70.0421  70.0484  70.1202  
67.3252  67.7213  67.758  68.2185  68.3054  68.5692  68.7867  68.9452  69.2642  69.327  69.402  69.646  69.9436  70.0387  70.0466  70.1162  
67.3264  67.7215  67.7578  68.2183  68.3043  68.5697  68.7866  68.9438  69.2665  69.3292  69.4026  69.6452  69.947  70.0421  70.0482  70.1189  
67.3222  67.7183  67.755  68.2165  68.3035  68.5704  68.7865  68.9454  69.2693  69.3325  69.4042  69.6494  69.9524  70.0486  70.0514  70.1267  
67.3164  67.7134  67.7504  68.2131  68.3008  68.5696  68.7848  68.9452  69.2711  69.3348  69.4045  69.6521  69.9572  70.0537  70.0545  70.1335  
67.3159  67.713  67.75  68.2128  68.3006  68.5695  68.7847  68.9451  69.2713  69.335  69.4045  69.6524  69.9576  70.0539  70.055  70.134  
67.3026  67.7003  67.7375  68.201  68.2893  68.5597  68.7742  68.9355  69.2637  69.3278  69.3956  69.6449  69.9525  70.0467  70.0506  70.1303  
67.3026  67.7003  67.7375  68.201  68.2892  68.5596  68.7742  68.9355  69.2637  69.3279  69.3956  69.6449  69.9525  70.0467  70.0507  70.1304  
67.3011  67.6991  67.7364  68.2003  68.2888  68.5597  68.7741  68.9359  69.2648  69.3291  69.3961  69.6462  69.9545  70.0479  70.053  70.1328  
67.2912  67.6903  67.7279  68.193  68.2822  68.5544  68.7684  68.9315  69.2617  69.3265  69.3923  69.6443  69.9537  70.0457  70.0531  70.1334  
67.2843  67.6833  67.7208  68.1858  68.275  68.5473  68.7612  68.9242  69.2545  69.3192  69.385  69.637  69.9465  70.0384  70.0459  70.1264  
67.2836  67.6828  67.7204  68.1856  68.2748  68.547  68.7611  68.9242  69.2544  69.3191  69.3851  69.6371  69.9465  70.0388  70.0459  70.1263  
67.2857  67.6858  67.7237  68.189  68.279  68.5496  68.7645  68.9287  69.2557  69.3206  69.388  69.6412  69.9468  70.0408  70.0462  70.1266  
67.2869  67.6872  67.7252  68.1904  68.2805  68.5506  68.7657  68.9302  69.2563  69.3211  69.3889  69.6423  69.9468  70.0412  70.0461  70.1264  
67.2918  67.6918  67.7297  68.1946  68.2845  68.5538  68.7694  68.9333  69.2589  69.3236  69.3922  69.6447  69.9495  70.0442  70.0486  70.1294  
67.2782  67.6791  67.7174  68.1834  68.274  68.5451  68.7599  68.9253  69.2526  69.3179  69.3844  69.6394  69.9449  70.0379  70.0448  70.1253  
67.2735  67.6744  67.7127  68.1788  68.2695  68.5408  68.7554  68.921  69.2484  69.3136  69.3799  69.6353  69.9408  70.0336  70.0409  70.1216  
67.2732  67.6743  67.7126  68.1786  68.2694  68.5408  68.7553  68.921  69.2484  69.3137  69.3799  69.6353  69.9409  70.0337  70.0411  70.1217  
67.2753  67.676  67.7142  68.18  68.2706  68.5416  68.7563  68.9216  69.2488  69.3139  69.3805  69.6354  69.941  70.0339  70.0409  70.1217  
67.2772  67.6776  67.7157  68.1812  68.2714  68.5419  68.7569  68.9216  69.248  69.313  69.3805  69.6343  69.9393  70.0333  70.0388  70.1195  
67.2821  67.6824  67.7205  68.1857  68.2758  68.5458  68.7611  68.9254  69.2512  69.316  69.3842  69.6375  69.9417  70.0365  70.0409  70.1215  
67.2919  67.6925  67.7304  68.1961  68.2862  68.5563  68.772  68.9363  69.2627  69.3276  69.3957  69.649  69.9537  70.0485  70.053  70.1329  
67.2887  67.69  67.7282  68.1946  68.2851  68.5558  68.7714  68.9365  69.2635  69.3287  69.396  69.6507  69.9557  70.0498  70.0556  70.1356  
67.288  67.6894  67.7276  68.194  68.2845  68.5552  68.7708  68.936  69.2627  69.3278  69.3954  69.6501  69.9544  70.0489  70.0541  70.1339  
67.2896  67.6902  67.7282  68.1939  68.2839  68.5539  68.7696  68.9339  69.2596  69.3245  69.393  69.6464  69.9498  70.0454  70.049  70.1287  
67.2896  67.6902  67.7282  68.1939  68.2839  68.5539  68.7696  68.9339  69.2596  69.3245  69.393  69.6464  69.9498  70.0454  70.049  70.1287  
67.2913  67.6915  67.7293  68.1945  68.2842  68.5539  68.7697  68.9334  69.2589  69.3235  69.3925  69.6449  69.9483  70.0444  70.0471  70.1267  
67.3018  67.7006  67.7379  68.2016  68.2902  68.5577  68.7744  68.936  69.2591  69.323  69.3946  69.6437  69.9454  70.0429  70.0441  70.1224  
67.2828  67.6838  67.7219  68.1882  68.2786  68.5496  68.7647  68.9299  69.2565  69.3216  69.3889  69.6436  69.947  70.042  70.0465  70.1255  
67.2882  67.6888  67.7267  68.1924  68.2824  68.5525  68.7681  68.9324  69.2582  69.323  69.3914  69.6448  69.948  70.0437  70.047  70.1264  
67.2786  67.6783  67.716  68.181  68.2706  68.5409  68.7559  68.9194  69.2453  69.3098  69.3785  69.6306  69.9344  70.0302  70.0331  70.1131  
67.2909  67.6891  67.7266  68.19  68.2791  68.5487  68.7628  68.9257  69.2511  69.3155  69.3833  69.6346  69.9383  70.0331  70.0367  70.1166  
67.3003  67.6975  67.7348  68.197  68.2855  68.5535  68.7683  68.9297  69.2535  69.3173  69.3871  69.6361  69.9391  70.0354  70.0367  70.117  
67.2994  67.6968  67.7341  68.1965  68.2851  68.5533  68.768  68.9296  69.2536  69.3175  69.3872  69.6364  69.9396  70.0357  70.0374  70.1177  
67.2944  67.6918  67.7292  68.1918  68.2803  68.5493  68.7637  68.9254  69.2505  69.3145  69.3834  69.6329  69.9374  70.0326  70.0355  70.116  
67.2897  67.6879  67.7254  68.1889  68.2781  68.5481  68.7621  68.9249  69.2513  69.3157  69.3832  69.6345  69.9401  70.0337  70.0389  70.1196  
67.2907  67.6899  67.7279  68.1918  68.2818  68.5506  68.7653  68.9295  69.2535  69.3182  69.3864  69.6393  69.9419  70.0366  70.041  70.1217  
67.2894  67.6883  67.7262  68.19  68.2798  68.5494  68.7637  68.9275  69.2531  69.3177  69.3852  69.6377  69.9422  70.0359  70.0414  70.1221  
67.2725  67.6733  67.7117  68.1777  68.2688  68.5412  68.7547  68.921  69.2498  69.3155  69.3795  69.6363  69.9429  70.0335  70.0438  70.124  
67.2728  67.6737  67.7122  68.1782  68.2694  68.5415  68.7552  68.9217  69.2501  69.3157  69.38  69.6369  69.943  70.0338  70.0438  70.1241  
67.2736  67.6745  67.713  68.179  68.2702  68.5422  68.7559  68.9223  69.2507  69.3163  69.3806  69.6374  69.9435  70.0344  70.0443  70.1246  
67.2879  67.6876  67.7257  68.1901  68.2804  68.5499  68.7647  68.9292  69.2548  69.3197  69.387  69.6406  69.9451  70.0385  70.0448  70.1257  
67.2658  67.6682  67.707  68.1744  68.2666  68.5399  68.7533  68.9216  69.2512  69.3175  69.38  69.6397  69.9463  70.0356  70.0482  70.1282  
67.2605  67.6631  67.702  68.1696  68.262  68.5354  68.7488  68.9173  69.2471  69.3135  69.3758  69.6359  69.9426  70.0317  70.0447  70.1248  
67.2659  67.6674  67.7061  68.1727  68.2644  68.5369  68.7504  68.9177  69.2463  69.3123  69.3759  69.6341  69.9399  70.0303  70.0411  70.1212  
67.2596  67.6619  67.7007  68.1683  68.2604  68.5344  68.7475  68.9157  69.2465  69.3128  69.3747  69.6344  69.9424  70.0309  70.0444  70.1246  
67.26  67.6609  67.6992  68.1654  68.2565  68.5292  68.7424  68.9088  69.2377  69.3033  69.3673  69.6242  69.9306  70.0212  70.0314  70.1117  
