65.9749  66.7135  66.8032  67.5823  67.8132  68.1449  68.5079  68.9143  69.1611  69.2678  69.4395  
65.9747  66.7135  66.8034  67.5824  67.8135  68.1447  68.5081  68.9147  69.1614  69.2682  69.4397  
65.9759  66.7146  66.8043  67.5833  67.8141  68.1452  68.5088  68.9149  69.1615  69.2682  69.4403  
65.975  66.7137  66.8036  67.5825  67.8141  68.1457  68.508  68.9156  69.1616  69.2684  69.4392  
65.9723  66.7106  66.8001  67.5797  67.8104  68.1441  68.5062  68.9129  69.1621  69.2693  69.4387  
65.9666  66.7036  66.7924  67.573  67.8023  68.1409  68.5013  68.9068  69.1632  69.2711  69.4365  
65.971  66.7082  66.7968  67.5771  67.8061  68.143  68.5045  68.9091  69.1633  69.2707  69.4387  
65.974  66.7108  66.799  67.5793  67.8075  68.1442  68.5063  68.9096  69.1635  69.2704  69.44  
65.9743  66.711  66.7992  67.5795  67.8076  68.1443  68.5064  68.9097  69.1635  69.2704  69.4402  
65.9718  66.7083  66.7964  67.5772  67.8051  68.1432  68.5047  68.9079  69.1634  69.2701  69.4394  
65.9718  66.7083  66.7963  67.5771  67.805  68.1432  68.5047  68.9079  69.1635  69.2703  69.4394  
65.9733  66.7097  66.7975  67.5783  67.8059  68.1442  68.5057  68.9085  69.164  69.2705  69.4402  
65.9719  66.7087  66.7963  67.5778  67.8051  68.1435  68.5055  68.9079  69.1632  69.2695  69.4405  
65.9727  66.7093  66.7969  67.5782  67.8055  68.1439  68.5058  68.9081  69.1634  69.2696  69.4405  
65.9706  66.7076  66.7953  67.5771  67.8045  68.1432  68.5052  68.9077  69.163  69.2693  69.4404  
65.9746  66.7128  66.8011  67.582  67.8107  68.1452  68.5087  68.9123  69.1617  69.2674  69.4417  
65.9759  66.7141  66.8025  67.5832  67.8121  68.1461  68.5094  68.9132  69.1613  69.2668  69.4418  
65.9866  66.7233  66.8112  67.5902  67.8174  68.1486  68.514  68.9145  69.1615  69.2665  69.4443  
65.9762  66.7143  66.8025  67.5834  67.8122  68.1466  68.5097  68.9133  69.1615  69.2668  69.4421  
65.9762  66.7143  66.8025  67.5834  67.8121  68.1465  68.5096  68.9131  69.1612  69.2664  69.4419  
65.9763  66.7144  66.8025  67.5834  67.8121  68.1465  68.5096  68.9131  69.1612  69.2664  69.442  
65.9783  66.716  66.804  67.5845  67.8129  68.1468  68.5102  68.9131  69.1612  69.2664  69.4422  
65.9754  66.7136  66.8019  67.5828  67.8116  68.1456  68.5091  68.9127  69.1607  69.2661  69.4415  
65.9751  66.7136  66.802  67.5829  67.8119  68.1454  68.5093  68.9131  69.1605  69.266  69.4417  
65.976  66.7144  66.8027  67.5837  67.8123  68.1462  68.5102  68.9135  69.1617  69.2673  69.4429  
65.9778  66.7161  66.8042  67.5852  67.8135  68.1469  68.5113  68.9141  69.1617  69.267  69.4437  
65.9741  66.7132  66.8016  67.5833  67.8123  68.1463  68.5103  68.9144  69.1616  69.2671  69.4432  
65.9719  66.7113  66.8  67.5817  67.8112  68.1453  68.5089  68.9137  69.1611  69.2668  69.442  
65.9719  66.7113  66.8  67.5817  67.8112  68.1453  68.5089  68.9137  69.1611  69.2668  69.442  
65.9703  66.7097  66.7984  67.5802  67.8099  68.1445  68.5078  68.9129  69.1611  69.267  69.4413  
65.9746  66.7134  66.8022  67.5828  67.8122  68.145  68.5092  68.9135  69.161  69.267  69.4417  
65.9592  66.7002  66.7894  67.5733  67.8048  68.1424  68.5035  68.9121  69.1609  69.2671  69.4391  
65.9665  66.7066  66.7955  67.5781  67.8085  68.144  68.5065  68.913  69.161  69.267  69.4407  
65.9638  66.7037  66.7926  67.5753  67.8057  68.1423  68.5043  68.9109  69.1603  69.2666  69.439  
65.9748  66.7121  66.8007  67.5808  67.8104  68.1462  68.5069  68.9124  69.1621  69.2684  69.4391  
65.9853  66.7212  66.8095  67.5876  67.8158  68.1484  68.5113  68.9138  69.1622  69.2682  69.4413  
65.9857  66.7216  66.8098  67.5879  67.816  68.1486  68.5115  68.9138  69.1623  69.2682  69.4414  
65.9855  66.721  66.809  67.5872  67.8148  68.1484  68.511  68.9128  69.1625  69.2684  69.4413  
65.9865  66.7219  66.8096  67.588  67.8152  68.1489  68.5117  68.913  69.1627  69.2684  69.442  
65.9915  66.7276  66.8158  67.5935  67.8215  68.1517  68.5158  68.9175  69.1622  69.2673  69.4439  
65.9908  66.7262  66.8139  67.5919  67.819  68.1509  68.5145  68.9154  69.1626  69.2679  69.4435  
65.9839  66.72  66.8077  67.5874  67.8152  68.1504  68.5119  68.9147  69.1634  69.2686  69.4427  
65.9844  66.7207  66.8085  67.5881  67.8161  68.1507  68.5125  68.9153  69.1633  69.2684  69.4429  
65.9843  66.7206  66.8083  67.5879  67.816  68.1505  68.5123  68.9152  69.1632  69.2684  69.4428  
65.9995  66.7341  66.8215  67.5982  67.8245  68.154  68.519  68.9179  69.1633  69.2679  69.4461  
65.9822  66.7189  66.8066  67.5869  67.8153  68.1506  68.5119  68.9155  69.1633  69.2682  69.4428  
65.9836  66.7203  66.8079  67.588  67.8162  68.1513  68.5128  68.916  69.1635  69.2683  69.4433  
65.9815  66.7184  66.8064  67.5866  67.8154  68.1505  68.5116  68.9158  69.1632  69.2683  69.4425  
65.9821  66.7184  66.8058  67.5863  67.8141  68.1505  68.5114  68.9144  69.1637  69.2686  69.4427  
65.9802  66.717  66.8049  67.5852  67.8138  68.1499  68.5105  68.9147  69.1634  69.2687  69.4418  
