66.8599  67.7438  67.8715  68.6967  68.9853  69.1432  69.6605  
66.8609  67.7445  67.872  68.6968  68.9847  69.1418  69.6602  
66.8606  67.7448  67.8727  68.6984  68.9877  69.1467  69.6628  
66.8597  67.7436  67.8717  68.6961  68.9856  69.1431  69.6592  
66.8575  67.7403  67.8668  68.6925  68.9793  69.1381  69.6561  
66.8517  67.7337  67.8585  68.6882  68.9736  69.1395  69.6554  
66.8519  67.7356  67.8617  68.6927  68.9814  69.1502  69.661  
66.8491  67.7347  67.8619  68.6949  68.9867  69.1589  69.6652  
66.8489  67.7346  67.8619  68.6951  68.9871  69.1596  69.6655  
66.8375  67.7251  67.853  68.6883  68.9822  69.1571  69.661  
66.8376  67.7251  67.853  68.6883  68.9822  69.1572  69.661  
66.8368  67.7252  67.8535  68.6894  68.9844  69.16  69.6627  
66.8305  67.7209  67.8502  68.6875  68.9846  69.161  69.6623  
66.8253  67.716  67.8452  68.6826  68.9796  69.1557  69.6573  
66.8242  67.7153  67.8445  68.6823  68.9793  69.1552  69.6573  
66.8296  67.7219  67.8528  68.6876  68.9862  69.1561  69.6602  
66.8307  67.7233  67.8547  68.6887  68.9879  69.1561  69.6607  
66.8369  67.7287  67.8598  68.6932  68.9913  69.1591  69.6643  
66.8242  67.7187  67.851  68.6862  68.9873  69.1562  69.6595  
66.8219  67.7163  67.8486  68.6834  68.9845  69.1531  69.6563  
66.8217  67.7162  67.8486  68.6835  68.9847  69.1533  69.6564  
66.8236  67.7174  67.8495  68.684  68.9845  69.1531  69.6565  
66.8244  67.7174  67.8489  68.6831  68.9824  69.1504  69.6551  
66.8284  67.7209  67.8521  68.6857  68.9843  69.1516  69.6571  
66.8325  67.7263  67.8577  68.6932  68.9926  69.1619  69.6666  
66.831  67.7262  67.8585  68.6946  68.9956  69.1648  69.6687  
66.8299  67.7253  67.8576  68.6936  68.9947  69.1633  69.6676  
66.831  67.7248  67.8562  68.6911  68.9903  69.158  69.6637  
66.831  67.7248  67.8562  68.6911  68.9903  69.158  69.6637  
66.8314  67.7242  67.855  68.6897  68.9878  69.1557  69.662  
66.8399  67.7295  67.8586  68.6908  68.9848  69.1503  69.6604  
66.8227  67.7178  67.8498  68.6856  68.9865  69.1549  69.6596  
66.8285  67.7223  67.8538  68.6886  68.9879  69.1556  69.6614  
66.823  67.7146  67.8446  68.6786  68.9755  69.1431  69.6499  
66.8348  67.7228  67.8523  68.6836  68.9793  69.1477  69.6521  
66.8442  67.7299  67.8582  68.6878  68.9807  69.1476  69.6542  
66.8437  67.7297  67.8582  68.6881  68.9814  69.1485  69.6547  
66.8393  67.7257  67.8541  68.6851  68.9787  69.1475  69.6527  
66.8362  67.7243  67.8536  68.6859  68.9816  69.1517  69.6549  
66.8404  67.7302  67.8613  68.6915  68.9894  69.1546  69.6589  
66.8379  67.7274  67.8578  68.6894  68.9868  69.1548  69.658  
66.8218  67.7165  67.8494  68.6848  68.9878  69.1583  69.6579  
66.8225  67.7174  67.8505  68.6855  68.9887  69.1585  69.6583  
66.8229  67.7177  67.8508  68.6858  68.989  69.1588  69.6587  
66.8378  67.7293  67.861  68.6931  68.9924  69.1596  69.6625  
66.8169  67.7149  67.8497  68.686  68.9926  69.1625  69.6607  
66.8133  67.712  67.8471  68.6836  68.9907  69.1602  69.6585  
66.8169  67.7134  67.8473  68.6827  68.9875  69.1566  69.6561  
66.8114  67.7097  67.8443  68.6817  68.9884  69.1598  69.6575  
66.8115  67.707  67.8398  68.6757  68.9789  69.1488  69.6489  
