-8.32024  4.95454  0
-8.32208  4.95793  0
-8.32235  4.9579  0
-8.32137  4.95783  0
-8.31918  4.95437  0
-8.31993  4.95314  0
-8.32038  4.95378  0
-8.31934  4.95432  0
-8.32546  4.95673  0
-8.31734  4.95642  0
-8.31794  4.95361  0
-8.3184  4.95271  0
-8.32246  4.95494  0
-8.32155  4.95615  0
-8.32217  4.95077  0
-8.32093  4.94678  0
-8.31449  4.94754  0
-8.31753  4.9478  0
-8.32328  4.94527  0
-8.31997  4.95045  0
-8.31939  4.95075  0
-8.31963  4.95104  0
-8.31708  4.94701  0
-8.32074  4.94965  0
-8.32258  4.94727  0
-8.32323  4.95024  0
-8.32133  4.95298  0
-8.32763  4.94991  0
-8.32567  4.95074  0
-8.32298  4.94779  0
-8.31822  4.94743  0
-8.32648  4.95119  0
-8.32058  4.94969  0
-8.31832  4.94943  0
-8.32045  4.95151  0
-8.31783  4.95217  0
