66.0475  0  0  0.5  1  1  1s1;2
66.6513  0  1  1.5  2  1  1p3;2
66.7133  0  1  0.5  -1  1  1p1;2
67.3772  0  2  2.5  3  1  1d5;2
67.5334  0  2  1.5  -2  1  1d3;2
67.8423  1  0  0.5  1  1  2s1;2
68.1774  0  3  3.5  4  1  1f7;2
68.4666  0  3  2.5  -3  1  1f5;2
68.7997  1  1  1.5  2  1  2p3;2
68.9049  1  1  0.5  -1  1  2p1;2
69.0106  0  4  4.5  5  1  1g9;2
69.4485  0  4  3.5  -4  1  1g7;2
69.6596  1  2  2.5  3  1  2d5;2
69.8075  1  2  1.5  -2  1  2d3;2
69.8288  2  0  0.5  1  1  3s1;2
69.8435  0  5  5.5  6  1  1h11;2
