67.3088  68.4912  68.7883  69.6252  70.0137  70.0845  
67.3104  68.492  68.7888  69.6258  70.0149  70.0849  
67.3096  68.4916  68.7887  69.6255  70.0145  70.0849  
67.3103  68.4923  68.7902  69.6255  70.0143  70.0857  
67.3059  68.4885  68.7846  69.6244  70.0163  70.0847  
67.2938  68.4782  68.7729  69.6193  70.0183  70.0816  
67.2953  68.48  68.7758  69.6201  70.0172  70.0826  
67.2934  68.4789  68.7755  69.6193  70.0165  70.0826  
67.2932  68.4788  68.7754  69.6193  70.0164  70.0826  
67.2868  68.4742  68.7718  69.6167  70.016  70.0817  
67.2869  68.4742  68.7718  69.6167  70.0162  70.0817  
67.2866  68.4742  68.7721  69.6169  70.0162  70.0821  
67.2831  68.4723  68.7711  69.6161  70.0156  70.0822  
67.2827  68.472  68.7708  69.616  70.0156  70.0822  
67.2813  68.4715  68.7704  69.6159  70.0152  70.0822  
67.2905  68.4794  68.7797  69.6194  70.0125  70.0841  
67.292  68.481  68.7818  69.6199  70.0107  70.0842  
67.2989  68.4849  68.7839  69.6216  70.0112  70.0832  
67.2893  68.4795  68.7811  69.6191  70.0103  70.0845  
67.2893  68.4795  68.7812  69.6192  70.0106  70.0846  
67.2892  68.4794  68.7811  69.6192  70.0105  70.0846  
67.2908  68.4802  68.7813  69.6194  70.0107  70.0841  
67.2906  68.4801  68.7811  69.6196  70.0108  70.0841  
67.2922  68.4814  68.7821  69.6204  70.0109  70.0844  
67.2909  68.4805  68.781  69.62  70.0104  70.084  
67.2908  68.4808  68.7818  69.62  70.0098  70.0842  
67.2895  68.4806  68.7821  69.6202  70.0097  70.0851  
67.2903  68.4809  68.782  69.6204  70.01  70.0849  
67.2903  68.4809  68.782  69.6204  70.01  70.0849  
67.2897  68.4801  68.7808  69.6201  70.0104  70.0845  
67.2967  68.4841  68.7827  69.6221  70.0114  70.0838  
67.2813  68.4759  68.7793  69.6182  70.0095  70.0862  
67.2872  68.4791  68.781  69.6197  70.0099  70.0853  
67.2856  68.4772  68.7783  69.6191  70.012  70.0851  
67.2938  68.4808  68.7807  69.6194  70.0134  70.0845  
67.3029  68.486  68.7833  69.6218  70.0142  70.0833  
67.3027  68.4859  68.7833  69.6217  70.0141  70.0833  
67.2998  68.4835  68.7809  69.6205  70.0143  70.0828  
67.2979  68.4824  68.7805  69.6199  70.0139  70.0829  
67.3057  68.4895  68.7889  69.6232  70.0115  70.0849  
67.3018  68.486  68.7847  69.6215  70.0125  70.0838  
67.2902  68.4793  68.7812  69.6181  70.0108  70.0846  
67.2915  68.4804  68.7824  69.6186  70.0105  70.0849  
67.2914  68.4802  68.7823  69.6184  70.0104  70.0848  
67.3057  68.4888  68.7875  69.6225  70.0112  70.0836  
67.2877  68.4785  68.7824  69.6175  70.0094  70.0856  
67.2876  68.4787  68.7826  69.6176  70.0092  70.0858  
67.289  68.4795  68.7829  69.6182  70.0096  70.0857  
67.2846  68.476  68.7796  69.6163  70.0099  70.085  
67.2868  68.4776  68.7803  69.6174  70.0102  70.0851  
