-7.87459  5.5245  0.0327818
-7.87772  5.52808  0.0328389
-7.89131  5.52806  0.0336963
-7.8919  5.52842  0.0339162
-7.88948  5.52516  0.0347266
-7.8815  5.52402  0.0339372
-7.89418  5.52466  0.0348677
-7.8983  5.52601  0.0357161
-7.90338  5.52824  0.0347913
-7.89827  5.52789  0.0351313
-7.88289  5.52543  0.0351603
-7.88297  5.52473  0.0347505
-7.8895  5.52725  0.0345729
-7.88682  5.52829  0.0342217
-7.88978  5.52257  0.033444
-7.88729  5.51888  0.0334672
-7.88218  5.51953  0.0335518
-7.8753  5.52015  0.0327751
-7.89042  5.51794  0.0333248
-7.88646  5.52253  0.0329163
-7.88878  5.52287  0.0330038
-7.88975  5.52327  0.0330791
-7.88752  5.51845  0.0331039
-7.88333  5.52134  0.0320595
-7.89433  5.51858  0.0330327
-7.88753  5.52183  0.0317031
-7.88851  5.52429  0.0317456
-7.89667  5.521  0.031961
-7.89194  5.5218  0.0315852
-7.88611  5.51848  0.0315434
-7.87734  5.51792  0.0310662
-7.88474  5.52183  0.0309709
-7.87805  5.52072  0.0320685
-7.87776  5.52042  0.0322827
-7.89234  5.52302  0.0339628
-7.88926  5.52393  0.0339707
