66.0143  0  0  0.5  1  1  1s1;2
66.5206  0  1  1.5  2  1  1p3;2
66.5673  0  1  0.5  -1  1  1p1;2
67.1271  0  2  2.5  3  1  1d5;2
67.2368  0  2  1.5  -2  1  1d3;2
67.4775  1  0  0.5  1  1  2s1;2
67.808  0  3  3.5  4  1  1f7;2
68.0111  0  3  2.5  -3  1  1f5;2
68.342  1  1  1.5  2  1  2p3;2
68.4335  1  1  0.5  -1  1  2p1;2
68.5365  0  4  4.5  5  1  1g9;2
68.8564  0  4  3.5  -4  1  1g7;2
69.1678  1  2  2.5  3  1  2d5;2
69.2867  0  5  5.5  6  1  1h11;2
69.3128  1  2  1.5  -2  1  2d3;2
69.3577  2  0  0.5  1  1  3s1;2
69.7314  0  5  4.5  -5  1  1h9;2
69.9202  1  3  3.5  4  1  2f7;2
70.036  0  6  6.5  7  1  1i13;2
70.0949  1  3  2.5  -3  1  2f5;2
70.1046  2  1  1.5  2  1  3p3;2
70.1702  2  1  0.5  -1  1  3p1;2
