67.26  0  0  0.5  1  1  1s1;2
67.6609  0  1  1.5  2  1  1p3;2
67.6992  0  1  0.5  -1  1  1p1;2
68.1654  0  2  2.5  3  1  1d5;2
68.2565  0  2  1.5  -2  1  1d3;2
68.5292  1  0  0.5  1  1  2s1;2
68.7424  0  3  3.5  4  1  1f7;2
68.9088  0  3  2.5  -3  1  1f5;2
69.2377  1  1  1.5  2  1  2p3;2
69.3033  1  1  0.5  -1  1  2p1;2
69.3673  0  4  4.5  5  1  1g9;2
69.6242  0  4  3.5  -4  1  1g7;2
69.9306  1  2  2.5  3  1  2d5;2
70.0212  0  5  5.5  6  1  1h11;2
70.0314  1  2  1.5  -2  1  2d3;2
70.1117  2  0  0.5  1  1  3s1;2
