66.9793  68.0255  68.2778  69.0822  69.4949  69.5264  
66.981  68.0278  68.2803  69.0838  69.4958  69.5251  
66.9805  68.026  68.2778  69.0831  69.4963  69.53  
66.9792  68.0249  68.2777  69.081  69.4948  69.5261  
66.9778  68.0254  68.2777  69.0815  69.4929  69.5211  
66.9725  68.0211  68.2724  69.0804  69.4916  69.5236  
66.9719  68.0167  68.2665  69.0778  69.4921  69.5345  
66.9682  68.0101  68.2585  69.0739  69.4912  69.5437  
66.9678  68.0096  68.2579  69.0736  69.4911  69.5444  
66.9569  67.9974  68.2454  69.0639  69.4835  69.544  
66.9569  67.9974  68.2454  69.0639  69.4836  69.5441  
66.9558  67.9957  68.2433  69.063  69.4837  69.5471  
66.9489  67.9881  68.2352  69.0575  69.4801  69.5491  
66.945  67.9832  68.2302  69.0522  69.4747  69.5446  
66.9437  67.9827  68.23  69.0522  69.4748  69.544  
66.9495  67.9885  68.2369  69.0558  69.4788  69.5439  
66.9501  67.9891  68.2379  69.056  69.4793  69.5434  
66.957  67.993  68.2399  69.0585  69.4795  69.5467  
66.9439  67.9822  68.2308  69.0508  69.4758  69.5446  
66.9416  67.9792  68.2275  69.0472  69.4723  69.5418  
66.9415  67.979  68.2273  69.0471  69.4723  69.542  
66.9435  67.9804  68.2283  69.0479  69.4722  69.5419  
66.9444  67.9823  68.2308  69.0492  69.4725  69.5388  
66.9482  67.9868  68.2355  69.053  69.4756  69.5393  
66.9523  67.9926  68.2411  69.0611  69.4843  69.5488  
66.9506  67.9904  68.2386  69.0599  69.4844  69.5521  
66.9496  67.9907  68.2397  69.0602  69.4851  69.5502  
66.9509  67.9924  68.2419  69.0602  69.4836  69.5446  
66.9509  67.9924  68.2419  69.0602  69.4836  69.5446  
66.9514  67.9934  68.2431  69.0607  69.4832  69.5422  
66.9609  68.0029  68.2523  69.0662  69.4843  69.5361  
66.9417  67.9868  68.2385  69.0567  69.4831  69.5413  
66.9482  67.9914  68.2419  69.0595  69.4835  69.542  
66.943  67.985  68.2353  69.0512  69.4733  69.5304  
66.9542  67.9929  68.2423  69.0558  69.4768  69.534  
66.9647  68.0008  68.2486  69.0606  69.4777  69.5337  
66.9641  68  68.2477  69.0601  69.4776  69.5347  
66.96  67.9951  68.2423  69.0562  69.4741  69.5345  
66.9564  67.9907  68.2373  69.0537  69.4736  69.5393  
66.9607  67.9946  68.242  69.0563  69.4773  69.5414  
66.958  67.9915  68.2381  69.0544  69.4752  69.5422  
66.9417  67.9771  68.2247  69.0457  69.4726  69.5473  
66.9426  67.9779  68.2257  69.0462  69.4732  69.5473  
66.9429  67.9784  68.2262  69.0467  69.4737  69.5476  
66.9592  67.9909  68.2365  69.0544  69.4759  69.5477  
66.9364  67.9727  68.221  69.0438  69.474  69.5518  
66.9336  67.9693  68.2174  69.0405  69.4709  69.5501  
66.9373  67.9734  68.222  69.0427  69.4713  69.5458  
66.9314  67.9671  68.2149  69.0391  69.4695  69.5501  
66.9332  67.9687  68.217  69.0372  69.4647  69.5389  
