67.282  67.8208  67.8716  68.4473  68.5808  68.7847  69.1326  69.3721  69.6158  69.6774  69.8556  70.2107  70.436  
67.2826  67.8219  67.8727  68.4483  68.5818  68.7843  69.1334  69.3725  69.615  69.6765  69.8561  70.2107  70.4358  
67.2815  67.8203  67.871  68.447  68.5808  68.7857  69.1329  69.3728  69.6176  69.6794  69.8563  70.2122  70.4376  
67.2805  67.8195  67.8704  68.446  68.5801  68.7837  69.1313  69.3716  69.6149  69.6768  69.854  70.2104  70.4348  
67.2803  67.8192  67.8697  68.4455  68.5785  68.7817  69.1307  69.3691  69.6125  69.6739  69.8535  70.2076  70.4336  
67.2784  67.8159  67.8659  68.442  68.574  68.7807  69.1282  69.3655  69.6139  69.6752  69.8526  70.2061  70.437  
67.275  67.8118  67.8619  68.4389  68.5718  68.7834  69.1267  69.3663  69.6193  69.6814  69.8527  70.2095  70.44  
67.2696  67.8058  67.856  68.4339  68.5676  68.7844  69.1237  69.3654  69.6236  69.6864  69.8517  70.2117  70.4428  
67.2692  67.8053  67.8555  68.4335  68.5673  68.7845  69.1234  69.3653  69.624  69.6868  69.8516  70.2119  70.443  
67.2582  67.7944  67.8447  68.4235  68.5578  68.7778  69.115  69.3582  69.6204  69.6838  69.8451  70.2074  70.4405  
67.2582  67.7944  67.8447  68.4235  68.5578  68.7777  69.115  69.3582  69.6205  69.6838  69.8451  70.2074  70.4407  
67.2567  67.7928  67.8431  68.4223  68.5569  68.7784  69.1145  69.3584  69.6221  69.6856  69.8452  70.2086  70.4419  
67.2486  67.7851  67.8357  68.416  68.5513  68.7755  69.1099  69.3554  69.6218  69.6858  69.8423  70.2081  70.4416  
67.2439  67.7806  67.8311  68.4114  68.5467  68.7705  69.1053  69.3507  69.617  69.6811  69.8377  70.2034  70.4371  
67.2431  67.78  67.8306  68.4111  68.5464  68.7702  69.1053  69.3507  69.6169  69.6809  69.838  70.2036  70.4372  
67.2461  67.7842  67.8352  68.4155  68.5517  68.7725  69.1089  69.3554  69.617  69.6811  69.8402  70.2066  70.4358  
67.2474  67.7855  67.8367  68.4167  68.5531  68.7734  69.1098  69.3565  69.6172  69.6812  69.8406  70.2071  70.4352  
67.2523  67.7897  67.8406  68.4201  68.556  68.7764  69.1125  69.3583  69.6194  69.6833  69.8428  70.2078  70.4364  
67.2401  67.7785  67.8298  68.4106  68.5477  68.7702  69.105  69.3531  69.6159  69.6804  69.8371  70.2056  70.4339  
67.2374  67.7759  67.8272  68.408  68.5452  68.7675  69.1024  69.3507  69.6135  69.678  69.8346  70.2032  70.4316  
67.2371  67.7757  67.827  68.4079  68.545  68.7675  69.1023  69.3507  69.6135  69.6781  69.8345  70.2033  70.4316  
67.2391  67.7774  67.8287  68.4091  68.5461  68.768  69.1032  69.351  69.6136  69.6781  69.835  70.203  70.4317  
67.2408  67.7793  67.8305  68.4108  68.5473  68.7677  69.1042  69.3513  69.6123  69.6765  69.8355  70.2023  70.4308  
67.2447  67.7832  67.8344  68.4145  68.5509  68.7703  69.1075  69.3541  69.6139  69.678  69.8383  70.2044  70.4322  
67.2494  67.7876  67.8386  68.4193  68.5555  68.7772  69.113  69.3597  69.6213  69.6853  69.8446  70.211  70.4391  
67.2465  67.7849  67.8361  68.4173  68.5541  68.7774  69.112  69.3597  69.6227  69.687  69.8444  70.2123  70.4401  
67.2458  67.7846  67.8358  68.4172  68.5541  68.7768  69.1119  69.3598  69.6217  69.686  69.8442  70.2123  70.4392  
67.2479  67.7868  67.8379  68.4187  68.5551  68.7752  69.1122  69.359  69.6186  69.6826  69.8433  70.2098  70.4366  
67.2479  67.7868  67.8379  68.4187  68.5551  68.7752  69.1122  69.359  69.6186  69.6826  69.8433  70.2098  70.4366  
67.2494  67.7882  67.8392  68.4196  68.5556  68.7748  69.1126  69.3586  69.6175  69.6812  69.8433  70.2086  70.4359  
67.2595  67.798  67.8486  68.4274  68.5622  68.7765  69.1178  69.3609  69.6154  69.6783  69.8459  70.2069  70.434  
67.241  67.7809  67.8323  68.4138  68.551  68.7715  69.1084  69.3566  69.6162  69.6804  69.8405  70.209  70.4353  
67.2464  67.7857  67.8369  68.4177  68.5543  68.7737  69.1113  69.3582  69.6171  69.681  69.8424  70.2091  70.4356  
67.2415  67.7808  67.8318  68.4121  68.5481  68.7655  69.1049  69.3507  69.6086  69.6724  69.8354  70.2006  70.4283  
67.2526  67.7899  67.8408  68.419  68.5545  68.7713  69.1095  69.3544  69.6121  69.6757  69.8377  70.2019  70.43  
67.2619  67.7983  67.8488  68.4258  68.5602  68.7747  69.1144  69.3571  69.613  69.6761  69.8409  70.2016  70.4301  
67.2611  67.7975  67.848  68.4251  68.5596  68.7748  69.114  69.357  69.6134  69.6766  69.8408  70.2019  70.4304  
67.257  67.7931  67.8435  68.421  68.5554  68.7721  69.1104  69.3536  69.612  69.6754  69.8379  70.1997  70.4293  
67.2525  67.7885  67.8392  68.4174  68.5525  68.772  69.1082  69.3529  69.614  69.6778  69.8371  70.201  70.4309  
67.2543  67.7913  67.8424  68.4206  68.5567  68.7747  69.1112  69.3573  69.6155  69.6795  69.8394  70.2045  70.4307  
67.2526  67.789  67.8399  68.4182  68.554  68.7738  69.1094  69.355  69.6157  69.6797  69.8382  70.2033  70.4314  
67.2359  67.7734  67.8247  68.4054  68.5429  68.7683  69.1001  69.3496  69.6152  69.6803  69.8325  70.2034  70.4318  
67.2364  67.774  67.8254  68.406  68.5437  68.7687  69.1007  69.3503  69.6153  69.6804  69.8329  70.2038  70.4316  
67.2368  67.7744  67.8258  68.4064  68.544  68.769  69.101  69.3506  69.6156  69.6806  69.8332  70.204  70.4319  
67.251  67.7874  67.8384  68.4171  68.5533  68.7748  69.1089  69.3555  69.6175  69.6817  69.8384  70.2046  70.4322  
67.2294  67.7677  67.8196  68.4014  68.5403  68.7681  69.098  69.35  69.6171  69.6828  69.832  70.2063  70.4335  
67.2255  67.7641  67.816  68.3981  68.5371  68.7651  69.0949  69.3472  69.6146  69.6804  69.8293  70.2039  70.431  
67.2306  67.7689  67.8206  68.4017  68.54  68.7655  69.0971  69.348  69.613  69.6783  69.83  70.2025  70.4295  
67.2244  67.7625  67.8143  68.3964  68.5352  68.7642  69.0936  69.3456  69.6144  69.6802  69.8283  70.2029  70.4313  
67.2268  67.7648  67.8163  68.3972  68.5349  68.7595  69.0922  69.342  69.6068  69.6719  69.8248  70.196  70.424  
