67.9042  69.4187  69.8813  
67.9028  69.4182  69.8841  
67.9116  69.4213  69.8826  
67.9039  69.4187  69.8828  
67.8818  69.4104  69.8854  
67.8723  69.4065  69.8839  
67.8841  69.411  69.8837  
67.8772  69.4081  69.8843  
67.8799  69.4092  69.8842  
67.8819  69.4101  69.8848  
67.8569  69.4  69.8859  
67.8498  69.3975  69.8847  
67.8526  69.3983  69.8842  
67.8572  69.4003  69.8848  
67.8422  69.3949  69.8829  
67.83  69.3904  69.8804  
67.8373  69.3934  69.8804  
67.8266  69.3895  69.8804  
67.8154  69.3847  69.8787  
67.8398  69.3945  69.8814  
67.8398  69.3945  69.8816  
67.8399  69.3947  69.8816  
67.8334  69.3921  69.8825  
67.8381  69.3943  69.882  
67.8292  69.3913  69.8851  
67.8346  69.394  69.8853  
67.8502  69.4004  69.8877  
67.8439  69.3978  69.8872  
67.8469  69.3993  69.8876  
67.834  69.3935  69.8862  
67.8333  69.3935  69.8863  
67.8372  69.3944  69.8868  
67.8352  69.3934  69.8861  
67.8357  69.3937  69.8864  
67.8371  69.3935  69.8874  
67.8366  69.3934  69.8875  
