67.5531  69.1088  69.5951  
67.5525  69.1088  69.5982  
67.5643  69.1134  69.5966  
67.5579  69.1114  69.5966  
67.54  69.1049  69.5988  
67.53  69.1006  69.5967  
67.5444  69.1066  69.5968  
67.5425  69.106  69.5971  
67.5402  69.1048  69.5972  
67.5451  69.1071  69.5977  
67.52  69.0967  69.5986  
67.5098  69.0925  69.5972  
67.5119  69.093  69.5967  
67.5147  69.0941  69.5975  
67.4988  69.0879  69.5945  
67.4862  69.083  69.5913  
67.4937  69.0861  69.5914  
67.4782  69.0797  69.5915  
67.4703  69.0763  69.589  
67.4929  69.0857  69.5927  
67.4946  69.0866  69.5928  
67.4945  69.0866  69.5928  
67.4917  69.0857  69.5932  
67.4879  69.0838  69.5932  
67.4832  69.083  69.5963  
67.4802  69.0817  69.597  
67.4929  69.087  69.6002  
67.487  69.0845  69.5995  
67.4883  69.0852  69.6  
67.4816  69.0821  69.5975  
67.4807  69.0819  69.5974  
67.4857  69.0835  69.5983  
67.4862  69.0838  69.5977  
67.4881  69.0847  69.5981  
67.4962  69.0879  69.5993  
67.4957  69.0879  69.5994  
