-8.33829  4.71586  0
-8.34134  4.71864  0
-8.35958  4.71826  0
-8.36038  4.71838  0
-8.35823  4.7151  0
-8.34597  4.71473  0
-8.36277  4.71489  0
-8.3679  4.71579  0
-8.37427  4.71758  0
-8.36791  4.71757  0
-8.34959  4.71527  0
-8.35129  4.71462  0
-8.35902  4.71672  0
-8.35551  4.71774  0
-8.3603  4.71299  0
-8.35872  4.7098  0
-8.35273  4.71061  0
-8.34418  4.71128  0
-8.3644  4.70881  0
-8.35753  4.7131  0
-8.36072  4.71323  0
-8.36225  4.71348  0
-8.35728  4.70972  0
-8.35331  4.71239  0
-8.36808  4.70913  0
-8.36035  4.71236  0
-8.36272  4.71433  0
-8.37309  4.71113  0
-8.36667  4.71219  0
-8.35744  4.70975  0
-8.34562  4.70972  0
-8.35002  4.71325  0
-8.3445  4.7119  0
-8.34459  4.71151  0
-8.36267  4.71306  0
-8.36084  4.71357  0
