-8.56145  3.46373  0
-8.56128  3.46698  0
-8.55415  3.46711  0
-8.55247  3.46683  0
-8.5533  3.46543  0
-8.56146  3.46327  0
-8.5549  3.46473  0
-8.55593  3.46557  0
-8.55703  3.46631  0
-8.5469  3.46669  0
-8.56248  3.46432  0
-8.55859  3.46235  0
-8.56033  3.46338  0
-8.55778  3.46428  0
-8.55873  3.45917  0
-8.55963  3.45509  0
-8.54953  3.45572  0
-8.55437  3.45468  0
-8.55972  3.45245  0
-8.55292  3.45749  0
-8.55444  3.45797  0
-8.55368  3.45814  0
-8.5533  3.45636  0
-8.55295  3.45668  0
-8.55215  3.45714  0
-8.54802  3.45788  0
-8.53835  3.46101  0
-8.54527  3.459  0
-8.5424  3.45953  0
-8.55104  3.45703  0
-8.54766  3.45661  0
-8.55541  3.45959  0
-8.55446  3.45875  0
-8.55208  3.45895  0
-8.54938  3.46181  0
-8.55154  3.4621  0
