66.3652  67.5242  67.7267  68.7726  69.2584  69.47  69.967  
66.3632  67.5214  67.7231  68.7707  69.2572  69.4731  69.9665  
66.3704  67.5296  67.7326  68.7759  69.2602  69.4667  69.968  
66.3664  67.5258  67.7291  68.7741  69.2613  69.4719  69.9679  
66.3543  67.5124  67.7123  68.7659  69.2542  69.4807  69.9661  
66.3428  67.4993  67.6964  68.756  69.243  69.4814  69.9613  
66.3635  67.5231  67.724  68.772  69.2545  69.4666  69.9673  
66.3803  67.5423  67.7461  68.7852  69.2633  69.4547  69.9723  
66.3816  67.5439  67.7479  68.7862  69.264  69.4538  69.9727  
66.3879  67.5527  67.7582  68.7942  69.271  69.4524  69.9786  
66.3878  67.5526  67.7581  68.7941  69.2709  69.4526  69.9786  
66.3937  67.5591  67.7654  68.7987  69.2742  69.4496  69.9805  
66.3998  67.5681  67.7763  68.8062  69.2804  69.4456  69.9849  
66.4037  67.5728  67.7809  68.8112  69.2855  69.4498  69.9897  
66.4009  67.5706  67.7788  68.81  69.2847  69.4497  69.9894  
66.4113  67.5814  67.7918  68.8165  69.2911  69.4456  69.9905  
66.4136  67.5839  67.795  68.818  69.2926  69.4441  69.9904  
66.4294  67.5973  67.8078  68.8261  69.2957  69.4403  69.9933  
66.4222  67.5942  67.8067  68.8262  69.2994  69.4422  69.9951  
66.422  67.595  67.8077  68.8281  69.3019  69.4449  69.9977  
66.4225  67.5955  67.8083  68.8285  69.3021  69.4446  69.9978  
66.4237  67.596  67.8083  68.8285  69.3015  69.4448  69.9977  
66.4155  67.5876  67.7993  68.823  69.2979  69.4479  69.9958  
66.4115  67.583  67.7942  68.8191  69.2946  69.4477  69.9932  
66.417  67.5864  67.7972  68.818  69.2902  69.4382  69.988  
66.4254  67.5955  67.8074  68.824  69.2944  69.4339  69.9901  
66.419  67.59  67.8021  68.8209  69.2934  69.4362  69.9891  
66.4095  67.5801  67.791  68.8147  69.2898  69.4421  69.9877  
66.4095  67.5801  67.791  68.8147  69.2898  69.4421  69.9877  
66.4029  67.573  67.783  68.81  69.2864  69.4453  69.9861  
66.3966  67.5631  67.7702  68.8026  69.28  69.453  69.9832  
66.3917  67.5653  67.7772  68.806  69.2867  69.4462  69.9847  
66.3998  67.5712  67.7821  68.8092  69.2871  69.4453  69.9857  
66.387  67.5599  67.7694  68.8055  69.2875  69.4595  69.9899  
66.3945  67.5625  67.7709  68.8044  69.2852  69.46  69.9862  
66.404  67.5684  67.7749  68.8072  69.2845  69.4603  69.9871  
66.4061  67.5707  67.7776  68.8088  69.2856  69.459  69.9877  
66.4085  67.574  67.781  68.8119  69.2879  69.459  69.9902  
66.418  67.5847  67.7931  68.8192  69.2929  69.4534  69.993  
66.4315  67.599  67.8098  68.8284  69.3008  69.4481  69.9954  
66.4295  67.5968  67.8068  68.8271  69.2988  69.4485  69.9954  
66.4388  67.6099  67.8232  68.8371  69.308  69.442  69.9997  
66.4402  67.6114  67.8249  68.838  69.3089  69.4416  69.9999  
66.4398  67.6108  67.8242  68.8373  69.3081  69.4411  69.9992  
66.4537  67.6199  67.831  68.8417  69.3078  69.4408  70.0003  
66.4464  67.6194  67.835  68.8433  69.3133  69.4359  70.0009  
66.4521  67.6258  67.8416  68.8488  69.318  69.4374  70.0048  
66.4413  67.6143  67.829  68.8411  69.313  69.4422  70.0021  
66.4487  67.6223  67.8376  68.8466  69.316  69.4382  70.0043  
66.4381  67.6115  67.8251  68.8415  69.3146  69.4498  70.0057  
